000 3
001 0
002 0
003 -2
004 1
005 -2
006 1
010 3
011 3
020 5
022 1
030 9
032 9
033 3
034 9
036 7
040 9
043 -2
044 3
046 7
050 5
052 3
053 3
054 3
055 1
056 3
060 3
061 1
062 1
063 -4
064 3
065 1
066 3
100 0
101 -4
103 3
104 -4
110 5
111 3
112 3
113 1
114 0
115 1
116 3
120 5
121 1
122 1
123 5
124 3
125 3
126 3
130 9
131 0
132 7
133 0
134 5
135 9
136 7
140 7
141 3
142 1
143 -4
144 1
146 3
150 5
151 -4
152 0
153 -4
154 -4
155 0
156 3
161 -6
162 0
163 -6
164 0
165 3
166 1
200 0
201 0
202 0
203 -4
204 0
210 5
211 0
212 1
213 3
214 0
220 7
221 0
222 1
223 0
224 5
225 3
226 5
232 0
233 0
234 5
240 1
242 0
243 3
244 0
246 5
252 0
255 0
256 3
262 -6
263 -6
266 1
300 0
303 -8
310 3
311 -4
313 0
314 0
320 5
322 0
323 0
330 5
331 5
332 3
333 -2
