000000 2
000001 -3
000002 -3
000003 -3
000004 -3
000005 -1
000006 0
000010 6
000012 -1
000015 4
000020 6
000021 0
000022 0
000023 0
000024 4
000025 4
000026 8
000030 8
000032 2
000035 4
000040 4
000041 4
000042 4
000043 -3
000044 0
000045 0
000046 4
000050 8
000051 4
000052 2
000053 0
000060 6
000061 2
000062 0
000064 4
000065 -3
000066 2
000100 -1
000101 -5
000102 0
000103 -3
000105 0
000106 0
000200 -3
000202 -5
000205 0
000212 -5
000215 0
000220 6
000221 6
000222 -1
000223 -1
000224 6
000225 4
000226 8
000232 -3
000235 2
000242 -5
000245 4
000262 -5
000266 2
000300 -3
000302 -5
000303 -11
000305 -7
000321 0
000323 -9
000324 -3
000325 -3
000360 -3
000361 -3
000362 -7
000363 -9
000364 -9
000365 -3
000366 0
000400 4
000401 -5
000402 -3
000403 -9
000404 4
000405 6
000406 6
000410 6
000411 4
000412 4
000413 -9
000414 4
000415 6
000416 8
000440 6
000441 -1
000442 4
000443 -5
000444 0
000445 8
000446 8
000500 6
000505 0
000515 0
000535 8
000545 -3
000562 -3
000565 0
000566 2
000600 6
000602 0
000603 -3
000605 6
000606 8
001000 10
001001 0
001002 6
001003 0
001004 8
001005 8
001006 8
001010 4
001011 6
001012 4
001014 8
001015 10
001016 8
001030 36
001040 -1
001050 -1
001052 0
001053 -1
001054 6
001055 0
001056 4
001060 -1
001100 0
001101 -3
001102 0
001105 2
001110 6
001112 0
001113 0
001114 6
001115 4
001116 6
001120 36
001121 36
001122 36
001123 -3
001124 36
001125 36
001126 36
001130 36
001131 36
001132 0
001134 36
001136 36
001140 2
001141 2
001143 -3
001150 4
001151 2
001152 0
001153 0
001154 4
001155 0
001156 0
001160 6
001161 2
001166 4
001211 -1
001220 6
001222 0
001225 8
001300 -3
001301 -3
001302 0
001303 -9
001305 -7
001306 -3
001310 4
001311 -1
001312 4
001313 4
001314 4
001315 4
001316 6
001360 -1
001365 4
001366 0
001412 8
001414 6
001416 8
001511 6
001512 6
001514 8
001515 8
001516 8
001540 6
001600 6
001601 0
001602 0
001605 8
001606 8
001611 6
001612 6
001630 36
001640 6
001641 4
001642 6
001643 0
001645 8
001646 8
002000 10
002001 4
002002 0
002003 0
002004 8
002005 10
002006 10
002010 36
002013 -1
002015 36
002020 6
002021 6
002022 8
002024 8
002025 6
002026 20
002030 36
002040 0
002050 0
002051 6
002060 -1
002061 0
002101 0
002110 4
002112 4
002130 4
002140 4
002141 0
002145 0
002146 6
002201 -5
002202 -5
002203 -3
002204 -1
002205 -3
002206 0
002210 36
002220 8
002221 4
002222 4
002223 0
002224 6
002230 36
002232 36
002235 36
002240 34
002241 -3
002242 34
002245 0
002246 34
002250 34
002251 -3
002252 34
002253 -3
002254 0
002255 34
002256 34
002260 -1
002261 -5
002262 -5
002264 0
002265 -1
002320 6
002321 6
002322 -1
002323 6
002324 4
002325 4
002326 6
002360 -3
002361 -1
002362 -3
002363 -11
002364 4
002365 0
002366 0
002401 2
002404 4
002410 36
002414 36
002430 36
002431 2
002434 36
002435 36
002436 36
002440 8
002441 8
002442 4
002443 4
002444 8
002445 20
002446 8
002460 4
002465 8
002501 -3
002504 6
002505 4
002521 6
002522 0
002524 24
002530 36
002535 36
002540 6
002560 8
002601 4
002603 -3
002604 6
002605 6
002606 10
002610 36
002612 36
002613 0
002614 36
002621 8
002624 20
002630 36
002640 34
002650 34
002651 8
002653 4
002655 34
003000 10
003001 8
003002 10
003003 6
003004 8
003005 10
003006 10
003030 8
003031 8
003032 10
003033 8
003034 20
003035 10
003036 20
003050 6
003051 34
003052 8
003054 6
003055 34
003056 34
003100 6
003101 0
003102 6
003105 8
003110 8
003112 10
003113 4
003114 6
003115 10
003116 10
003132 10
003134 12
003210 6
003212 0
003215 6
003216 6
003220 8
003222 0
003224 8
003225 4
003232 10
003233 0
003234 10
003235 10
003241 6
003300 2
003301 -1
003302 -3
003303 -3
003304 6
003305 2
003306 4
003310 36
003312 -5
003313 36
003314 36
003315 36
003320 36
003321 0
003322 36
003323 36
003324 36
003325 36
003326 36
003330 8
003334 8
003335 8
003340 34
003341 34
003342 -5
003343 34
003344 34
003345 -3
003346 34
003350 34
003351 34
003352 6
003353 34
003354 0
003355 34
003356 34
003361 -3
003362 4
003363 -3
003364 4
003365 0
003366 2
003400 6
003401 4
003402 6
003404 4
003405 8
003410 36
003412 6
003414 36
003415 36
003416 36
003440 10
003441 8
003442 8
003443 8
003445 22
003446 12
003510 36
003515 36
003534 24
003540 6
003541 4
003542 4
003544 -1
003545 4
003600 8
003601 6
003602 8
003604 8
003605 8
003606 10
003631 10
003632 10
003633 8
003634 20
003635 10
003636 22
004000 8
004001 4
004002 6
004003 -1
004004 4
004005 4
004006 8
004030 6
004031 34
004032 6
004034 34
004040 -3
004041 10
004044 -3
004050 0
004051 34
004052 4
004054 34
004055 34
004056 4
004060 -3
004061 4
004063 -3
004064 0
004066 4
004101 -3
004102 4
004103 -3
004105 -3
004110 6
004210 4
004211 2
004212 -5
004213 4
004215 4
004220 6
004222 0
004224 4
004225 8
004226 8
004240 8
004241 8
004244 4
004302 2
004303 -11
004305 0
004310 -1
004320 -1
004322 -7
004323 -7
004326 0
004340 4
004341 6
004342 8
004343 6
004344 -3
004345 4
004401 -3
004402 0
004403 -7
004404 -5
004405 -3
004410 0
004411 0
004412 -1
004413 -3
004414 -3
004415 4
004416 0
004420 34
004421 -1
004422 34
004423 -7
004424 34
004425 0
004426 34
004440 6
004441 6
004442 4
004443 -3
004444 0
004446 4
004461 0
004463 -5
004464 -5
004466 0
004540 6
004541 6
004544 -3
004601 -1
004602 4
004603 -3
004604 0
004605 0
004606 4
004630 34
004631 8
004632 4
004634 34
004635 6
004636 34
004640 8
004641 8
004642 8
004643 6
004644 4
004646 8
005000 8
005001 6
005002 4
005003 4
005004 4
005005 8
005006 8
005050 0
005051 6
005052 6
005053 4
005054 6
005055 8
005056 8
005101 -3
005110 4
005111 4
005116 8
005145 34
005146 8
005151 8
005201 4
005202 -5
005214 4
005220 6
005241 8
005242 0
005251 6
005252 6
005256 6
005301 0
005302 0
005303 -9
005314 6
005316 2
005320 -1
005340 0
005341 0
005342 4
005343 -7
005344 -3
005345 -3
005346 -1
005353 6
005355 4
005356 4
005361 -1
005400 2
005401 -5
005402 4
005403 0
005404 0
005420 6
005423 4
005424 4
005425 4
005426 8
005434 4
005440 8
005500 2
005501 0
005502 -1
005503 -3
005504 0
005505 0
005512 -1
005513 0
005514 4
005515 0
005516 4
005520 34
005521 8
005525 34
005550 4
005551 6
005552 0
005553 0
005556 2
005562 2
005565 2
005600 4
005601 2
005602 0
005603 0
005604 2
005605 0
005606 6
005614 8
005616 0
006000 8
006001 0
006002 0
006003 0
006004 2
006005 4
006006 8
006030 4
006031 6
006032 6
006033 4
006034 6
006035 8
006036 8
006050 -1
006051 6
006052 4
006053 -1
006054 0
006055 4
006056 6
006060 -3
006061 2
006062 4
006064 4
006065 2
006066 6
006101 -5
006102 0
006104 -3
006105 -1
006106 -1
006110 2
006111 -1
006112 6
006113 4
006114 4
006115 4
006116 6
006131 4
006161 -5
006162 2
006164 0
006165 0
006166 0
006210 -1
006220 4
006221 6
006224 4
006231 8
006232 0
006234 4
006236 8
006240 4
006241 6
006242 -3
006243 4
006244 0
006246 4
006262 -5
006264 -7
006265 0
006266 4
006360 -3
006361 -3
006362 -7
006363 -7
006364 -5
006365 4
006366 -3
006402 -7
006404 0
006405 4
006406 4
006410 6
006411 4
006412 4
006413 4
006414 4
006415 6
006416 8
006440 4
006441 2
006442 4
006443 4
006444 0
006445 6
006446 6
006466 0
006510 4
006516 6
006531 8
006534 8
006535 0
006536 6
006540 0
006541 -3
006542 0
006544 -5
006545 -3
006546 2
006564 4
006606 6
006610 6
006612 0
006620 4
006625 6
010000 -1
010001 -3
010003 -5
010004 -3
010005 -3
010006 -1
010010 -1
010011 -3
010012 6
010013 8
010015 0
010016 6
010020 0
010021 -1
010022 -3
010023 -3
010024 2
010025 -1
010026 2
010030 6
010031 -1
010033 -3
010034 4
010035 8
010036 6
010040 6
010041 -3
010042 4
010043 -3
010044 -3
010045 -3
010046 0
010050 0
010051 -1
010053 0
010054 -3
010056 0
010060 -3
010061 -3
010062 2
010063 -3
010064 -1
010065 -3
010066 -3
010100 -1
010101 36
010102 36
010103 36
010104 36
010105 36
010106 36
010110 -1
010111 -1
010112 6
010113 0
010114 0
010115 4
010116 2
010200 0
010221 2
010300 -5
010302 36
010305 36
010311 8
010312 4
010313 -5
010315 4
010316 4
010341 4
010342 4
010343 -5
010344 -5
010345 4
010353 -9
010361 -5
010362 -5
010363 -5
010364 -5
010365 4
010400 -1
010402 36
010403 36
010405 36
010410 6
010411 -5
010412 4
010413 -5
010414 0
010415 4
010416 4
010431 -1
010432 4
010433 0
010434 0
010435 4
010436 4
010441 4
010442 2
010464 -5
010465 0
010500 0
010531 4
010532 8
010535 4
010565 -3
010600 0
010611 -1
010615 4
010616 6
010631 0
010632 8
010635 8
010636 8
010645 0
010646 2
010660 -1
010661 -1
010662 0
010664 -1
010665 -1
010666 4
011000 6
011001 -1
011002 6
011003 4
011004 4
011005 4
011006 4
011010 6
011011 6
011012 6
011015 4
011101 -3
011105 -3
011110 2
011111 -1
011112 2
011113 8
011114 -3
011115 2
011116 2
011120 0
011121 -3
011122 -3
011123 8
011124 -5
011125 -3
011126 -1
011130 8
011131 8
011132 6
011133 -3
011134 8
011135 10
011136 10
011140 6
011141 2
011142 -1
011143 10
011144 2
011145 -3
011146 -1
011201 -1
011202 -1
011205 6
011206 6
011211 6
011212 6
011220 8
011221 0
011222 -3
011223 6
011224 8
011225 6
011226 6
011232 8
011233 6
011235 10
011236 10
011240 4
011242 4
011243 14
011245 4
011250 4
011251 0
011252 4
011256 4
011310 4
011311 8
011312 6
011313 4
011314 4
011315 4
011316 4
011410 6
011411 4
011412 6
011414 0
011415 6
011440 6
011441 -3
011442 8
011443 4
011444 -3
011445 2
011446 2
011505 -5
011511 6
011512 6
011515 -1
011540 4
011543 14
011545 -3
011610 6
011611 6
011612 6
011614 6
011615 6
011616 6
020000 4
020001 0
020002 -5
020003 -5
020004 -3
020005 0
020006 4
020010 0
020011 -3
020012 -5
020013 0
020014 4
020015 4
020016 4
020020 4
020021 6
020023 0
020030 0
020031 8
020032 -3
020033 -3
020034 6
020035 6
020036 4
020040 0
020043 0
020044 2
020050 0
020051 4
020052 -3
020053 0
020054 4
020055 -3
020060 0
020200 -3
020201 36
020202 36
020203 36
020204 36
020205 36
020211 -5
020212 -7
020213 -3
020214 -5
020220 0
020221 4
020222 0
020223 -3
020224 -1
020225 0
020226 4
020231 4
020232 -5
020234 4
020240 -5
020241 2
020242 -5
020243 0
020244 -7
020245 -3
020251 -1
020252 -9
020260 -3
020261 -3
020262 -13
020263 -13
020265 -5
020266 0
022020 8
022021 10
022022 8
022023 6
022024 8
022025 8
022026 8
022121 8
022122 6
022125 8
022126 10
022140 8
022141 6
022142 8
022143 12
022144 4
022145 8
022146 6
022200 0
022201 0
022202 -5
022203 -5
022204 -5
022205 0
022206 0
022212 -5
022220 2
022221 4
022222 0
022223 -1
022224 2
022225 4
022226 2
022232 -5
022260 0
022261 0
022262 -3
022264 -5
022310 6
022312 -3
022313 -5
022315 4
022321 6
022322 6
022323 -1
022324 -35
022325 4
022326 4
022410 8
022412 -3
022413 4
022414 4
022415 4
022416 8
022421 8
022422 8
022424 8
022425 6
022426 8
022522 6
022525 4
022526 6
022532 0
022535 0
022560 4
022561 4
022562 -3
022564 4
022565 0
022600 4
022601 6
022603 0
022604 0
022605 4
022606 6
022610 8
022612 2
022613 4
022615 6
022616 8
022622 8
022626 8
030000 -3
030003 -9
030010 -3
030013 -7
030020 0
030023 -7
030030 0
030031 8
030032 0
030034 2
030035 -3
030036 4
030040 -3
030050 0
030053 -7
030060 -3
030062 -5
030063 -7
030064 -3
030065 -3
030200 -5
030221 2
030223 -5
030251 -1
030252 -7
030253 -5
030300 -9
030301 36
030302 36
030303 36
030304 36
030305 36
030312 -9
030313 -11
030321 -3
030323 -9
030324 -9
030330 -5
030331 8
030332 -5
030333 -7
030334 -11
030335 -5
030336 -5
030353 -9
030362 -21
030363 -21
030364 -21
030365 -7
032310 -7
032313 -9
032330 -7
032331 0
032332 -9
032333 -7
032334 4
032335 6
032336 -3
033000 6
033001 8
033002 0
033003 -3
033004 0
033005 -3
033006 4
033010 0
033011 6
033012 6
033013 0
033014 6
033015 4
033016 6
033020 6
033022 6
033023 0
033030 10
033032 10
033033 6
033034 10
033040 4
033041 8
033042 10
033043 -1
033044 4
033045 8
033046 8
033050 4
033055 6
033060 0
033066 6
033101 6
033106 -1
033110 8
033111 10
033112 14
033113 8
033114 8
033115 14
033116 14
033130 10
033131 10
033132 10
033133 8
033134 8
033136 10
033141 10
033142 14
033143 0
033144 6
033145 14
033146 14
033150 8
033151 8
033152 4
033154 4
033155 8
033156 8
033201 0
033202 -3
033204 -35
033205 -3
033206 0
033211 6
033212 4
033213 -1
033220 0
033221 12
033222 0
033223 -7
033224 -35
033225 -1
033226 0
033232 10
033233 4
033234 -35
033250 6
033252 4
033254 4
033255 6
033256 6
033300 -3
033301 -3
033302 -7
033303 -7
033304 -7
033305 -7
033306 -3
033330 0
033331 8
033332 2
033333 -1
033334 0
033335 -3
033336 0
033360 0
033361 -3
033362 -7
033363 -7
033401 -3
033404 -3
033405 -35
033406 0
033411 0
033412 4
033413 -7
033414 -3
033415 -35
033416 2
033433 4
033434 10
033440 0
033441 -1
033442 -35
033443 -7
033444 -3
033445 -35
033446 -1
033450 6
033454 4
033455 6
033460 0
033462 -35
033464 -1
033466 0
033501 4
033505 -5
033506 -3
033511 -3
033512 2
033513 -7
033515 -1
033516 2
033520 8
033521 8
033522 4
033523 -3
033525 8
033526 0
033530 10
033531 12
033532 10
033533 8
033534 -35
033535 10
033536 8
033550 8
033551 8
033552 8
033553 -7
033554 -35
033555 4
033556 0
033560 8
033561 8
033562 -3
033564 -3
033565 8
033566 6
033606 6
033611 6
033612 6
033613 -3
033616 8
033620 8
033621 8
033622 6
033623 -3
033626 8
033630 10
033632 10
033633 8
033634 6
033636 10
033643 -1
033644 8
033646 8
033650 6
033654 6
033655 6
033656 6
033660 6
033661 0
033662 0
033663 -3
033664 0
033665 -1
033666 0
034300 -9
034302 -5
034303 -11
034304 -11
034305 -5
034310 -7
034311 -11
034312 0
034313 -11
034316 -7
034323 -11
034330 -7
034331 6
034332 6
034333 -7
034334 -11
034335 0
034336 -3
034342 8
034343 -9
034353 -11
034355 -11
034356 -9
034360 -9
034363 -11
034400 -5
034402 -3
034411 -5
034412 -3
034413 -11
034414 -3
034416 2
034423 -11
034433 -3
034434 -3
034453 -11
034454 -5
034462 -3
034463 -11
036330 -5
036331 -1
036332 -5
036333 -5
040000 4
040003 -9
040004 -3
040005 4
040010 8
040013 -7
040014 4
040016 8
040020 4
040023 0
040024 4
040026 6
040030 8
040040 4
040041 4
040042 -3
040043 -3
040050 0
040060 0
040064 -3
040200 -7
040220 6
040221 4
040223 -35
040224 -5
040225 4
040242 4
040300 -11
040302 36
040312 0
040313 -11
040315 -35
040324 -9
040350 2
040351 0
040353 -11
040354 -3
040355 -3
040364 -13
040365 -3
040400 -7
040401 36
040402 36
040403 36
040404 36
040405 36
040406 36
040440 4
040441 -7
040442 -7
040443 -9
040444 -5
040445 4
040446 4
040500 0
040502 36
040503 36
040564 -5
040565 -1
040600 4
040601 36
040605 36
040606 36
040662 4
040664 0
040665 4
043222 2
043224 8
043225 8
043242 6
043300 6
043302 -7
043303 -9
043304 -7
043305 0
043341 4
043342 4
043343 -3
043354 -9
043400 4
043402 -3
043404 2
043405 6
043406 4
043430 10
043431 8
043432 8
043434 0
043435 10
043436 10
043440 6
043441 6
043442 4
043443 4
043444 4
043445 8
043446 8
043605 8
043641 6
043642 8
043643 8
043645 24
043646 12
043661 4
043662 4
043664 4
043665 8
043666 8
044010 8
044011 8
044012 8
044013 -5
044014 12
044015 8
044016 12
044040 8
044041 6
044042 8
044043 6
044044 8
044045 16
044046 8
044141 4
044142 6
044143 4
044144 6
044145 8
044146 6
044212 4
044215 0
044220 8
044221 8
044222 0
044223 -35
044224 4
044225 6
044226 8
044242 8
044244 6
044301 0
044302 -35
044303 -9
044312 4
044313 -9
044314 -7
044315 -35
044321 4
044322 2
044323 0
044324 -3
044326 -1
044342 -35
044343 0
044344 4
044350 6
044351 0
044353 -1
044356 6
044361 0
044362 -35
044363 -9
044364 -5
044365 0
044366 0
044400 -3
044401 -1
044402 0
044403 -7
044404 -3
044405 0
044406 0
044440 0
044441 -1
044442 -3
044443 -5
044444 4
044445 4
044446 6
044450 -1
044451 -3
044452 4
044453 -5
044454 -7
044455 -3
044456 -3
044500 4
044501 0
044502 0
044503 -35
044505 2
044515 6
044521 4
044522 4
044523 0
044524 8
044525 4
044526 24
044531 8
044532 8
044533 4
044535 10
044542 8
044543 -35
044544 4
044545 12
044562 0
044565 4
044600 8
044601 0
044602 4
044603 0
044605 6
044606 8
044642 8
044643 6
044644 8
044645 16
044646 10
044660 8
044661 -3
044662 0
044663 -3
044664 -5
044665 6
044666 8
046200 -3
046201 -1
046202 -9
046203 -35
046204 -11
046205 -1
046224 -5
046311 -3
046313 -9
046314 -9
046315 -5
046316 -1
046350 0
046351 -3
046352 0
046353 -9
046354 -1
046355 -3
046356 0
046404 -13
046440 4
046441 -5
046442 -7
046443 -9
046444 -3
046445 4
046446 0
050000 4
050003 -5
050005 -5
050010 4
050011 -3
050013 -7
050014 4
050015 0
050016 8
050020 6
050023 -3
050024 4
050025 6
050026 8
050030 6
050034 10
050035 10
050036 10
050040 -3
050042 4
050043 -3
050044 -3
050045 -3
050046 4
050050 4
050051 4
050052 4
050053 -5
050054 6
050055 -3
050056 6
050060 0
050062 0
050064 4
050065 -5
050200 -3
050201 36
050203 36
050220 6
050221 6
050223 2
050225 4
050232 0
050234 4
050252 0
050253 0
050261 0
050263 -3
050265 -5
050300 -9
050313 -11
050323 -7
050324 -3
050353 -7
050500 -5
050501 36
050502 36
050503 36
050504 36
050505 36
050506 36
050521 -5
050523 -5
050524 0
050525 -1
050526 6
050541 -3
050542 2
050543 -5
050544 -5
050545 -7
050546 -3
050550 4
050551 -5
050552 -3
050553 -5
050554 0
050555 -5
050556 -1
050600 0
050601 36
050662 0
050665 -1
052101 0
052103 2
052104 0
052106 0
052110 4
052112 0
052115 -5
052130 4
052131 -5
052133 -5
052134 4
052135 -1
052136 6
052150 6
052151 0
052152 -5
052153 4
052154 4
052155 -1
052156 4
052160 -3
052161 -1
052162 -5
052164 0
052200 0
052201 -5
052202 -7
052205 -5
052206 4
052210 36
052211 36
052212 36
052213 -3
052214 36
052215 36
052216 36
052520 20
052521 4
052522 0
052523 -3
052524 22
052525 4
052550 8
052551 -3
052552 6
052553 4
052554 8
052555 -1
052556 8
053260 0
053261 8
053262 -3
053263 -3
053264 4
053265 -3
053266 4
053300 2
053302 -3
053303 -5
053305 -5
053312 -5
053313 36
053314 36
053315 36
053334 8
053335 8
053361 -3
053364 0
053365 -3
053412 4
053414 36
053415 36
053502 -5
053504 2
053505 -5
053506 6
053530 8
053532 8
053534 22
053535 8
053536 14
053550 8
053551 8
053552 4
053553 -5
053554 10
053555 6
053556 10
054201 2
054203 2
054204 -3
054222 2
054225 4
054226 8
054235 -3
054240 8
054241 8
054244 -3
054252 -5
054320 0
054321 2
054322 -5
054323 -5
054324 0
054325 -3
054326 2
054401 -5
054403 -3
054450 4
054451 0
054452 2
054453 -3
054454 -5
054455 -3
054456 4
054540 8
054541 6
054542 6
054543 4
054544 -5
054545 -5
054550 0
054551 -3
054552 0
054553 0
054554 -5
054555 -3
054556 0
054620 6
054621 0
054622 -1
054624 2
054626 4
055000 4
055001 4
055002 0
055003 -3
055004 6
055005 2
055006 8
055010 8
055012 4
055013 -3
055015 8
055016 6
055020 10
055023 4
055024 6
055025 10
055026 8
055030 10
055031 10
055032 8
055033 6
055034 10
055035 10
055036 8
055040 6
055042 6
055043 4
055045 2
055050 6
055051 6
055052 6
055053 6
055054 10
055055 4
055060 6
055061 4
055062 4
055063 8
055064 6
055065 -3
055101 2
055102 4
055103 4
055110 6
055111 4
055112 6
055113 4
055114 6
055115 4
055116 8
055131 8
055132 10
055133 4
055135 10
055140 4
055141 -3
055142 6
055143 8
055145 -3
055151 0
055153 4
055154 6
055155 4
055161 -1
055162 4
055163 8
055220 8
055221 6
055222 4
055223 4
055224 8
055225 4
055226 6
055232 0
055233 4
055251 6
055252 0
055253 6
055254 6
055255 4
055262 -1
055263 -1
055323 4
055353 4
055355 4
055363 -1
055401 4
055402 0
055403 -35
055404 4
055410 6
055412 0
055413 -35
055414 4
055415 6
055416 8
055423 4
055424 4
055425 4
055431 8
055432 8
055433 6
055434 6
055435 8
055440 6
055441 -1
055442 8
055443 -35
055444 -1
055445 0
055446 8
055453 -35
055454 0
055455 6
055461 4
055462 4
055463 4
055464 4
055465 -1
055501 -3
055502 0
055503 -7
055504 0
055505 -3
055506 2
055515 8
055516 4
055523 4
055525 8
055532 4
055533 -3
055535 10
055542 -3
055545 -3
055550 2
055551 2
055552 4
055553 -5
055554 2
055555 6
055556 6
055561 -3
055562 -5
055563 4
055565 -3
055601 4
055602 6
055603 -5
055604 6
055606 6
055616 6
055623 2
055624 10
055625 10
055626 6
055631 8
055632 6
055633 6
055634 14
055635 10
055636 8
055640 8
055641 4
055642 8
055643 4
055645 2
055646 4
055650 6
055651 8
055652 6
055653 4
055654 8
055655 6
055656 8
055660 4
055661 4
055662 4
055663 0
055664 4
055665 -3
055666 4
056131 0
056321 6
056322 -3
056323 -5
056324 4
056325 -5
056326 0
056503 -7
056505 -7
056534 4
056535 -3
056550 -1
056551 -5
056552 -5
056553 -3
056554 2
056555 -3
056556 -5
056560 0
056561 4
056562 0
056564 0
056565 -7
060000 6
060003 -3
060004 6
060005 0
060006 6
060010 0
060011 -3
060020 4
060030 8
060034 10
060040 0
060050 6
060054 0
060055 0
060060 0
060062 4
060064 6
060065 4
060200 0
060201 36
060202 36
060203 36
060204 36
060205 36
060206 36
060211 4
060212 0
060213 0
060214 4
060215 2
060216 4
060240 4
060241 4
060242 2
060243 4
060244 0
060245 4
060246 4
060250 4
060251 2
060252 0
060253 4
060254 4
060255 -3
060256 0
060300 -5
060301 36
060303 36
060304 36
060305 36
060306 36
060310 -3
060313 -9
060314 -9
060315 -5
060316 0
060320 -3
060321 4
060323 -7
060324 -5
060325 -5
060326 -3
060340 0
060341 4
060343 -7
060344 -3
060345 -3
060346 0
060350 0
060351 4
060353 -5
060354 0
060355 -1
060356 0
060360 -3
060361 -3
060362 0
060363 -7
060364 -9
060365 -5
060366 -3
060600 4
060601 36
060605 36
060606 36
060610 8
060611 4
060614 8
060615 6
060616 4
060620 8
060621 4
060624 8
060625 4
060626 -3
060640 6
060645 0
060646 0
060650 6
060654 0
060655 0
060656 0
060660 2
060661 4
060662 4
060663 -3
060664 6
060665 4
060666 4
061105 0
061160 0
061161 -3
061162 0
061163 -5
061164 4
061165 0
061166 -1
061405 6
061412 6
061414 8
061464 2
061520 36
061521 36
061524 36
061525 36
061526 36
061530 36
061532 6
061533 36
061534 36
061535 36
061536 36
061610 8
061611 6
061612 6
061613 8
061614 22
061615 10
061616 6
061660 8
061661 0
061662 0
061663 -3
061664 8
061665 6
061666 6
062200 0
062206 4
062230 36
062232 36
062235 36
062236 36
062343 -5
062610 36
062611 36
062612 36
062613 -1
062614 36
062616 36
062620 22
062621 8
062623 6
062624 22
062626 6
062660 8
062661 2
062662 4
062663 -3
062664 6
062665 4
062666 6
063300 4
063301 4
063302 4
063303 -3
063304 6
063305 4
063306 4
063310 36
063311 36
063312 -5
063313 36
063314 36
063316 36
063600 14
063604 8
063605 6
063606 4
063610 36
063611 36
063612 6
063616 36
063620 36
063621 8
063624 36
063625 36
063626 36
063631 10
063633 0
063634 22
063635 16
063636 12
063641 8
063643 34
063644 34
063646 8
063650 34
063651 8
063656 2
063660 8
063661 6
063662 4
063663 2
063664 8
063665 6
063666 8
064110 6
064112 6
064113 14
064115 4
064116 8
064400 4
064401 -3
064405 -3
064406 -3
064450 0
064451 0
064452 -5
064453 -1
064454 -5
064455 -5
064456 0
064660 8
064661 2
064662 4
064663 0
064664 -3
064665 2
064666 4
065101 2
065104 0
065106 4
065130 6
065131 0
065145 6
065150 6
065151 0
065156 6
065160 2
065161 -3
065166 0
065430 8
065431 4
065434 2
065436 8
065440 8
065441 6
065446 8
065450 10
065460 2
065461 -3
065462 2
065464 -1
065465 0
065466 6
065511 -1
065513 0
065514 4
065515 -1
065516 2
065521 0
065522 34
065523 0
065525 34
065530 34
065531 8
065532 -1
065534 6
065535 34
065536 34
065552 0
065553 0
065556 4
065560 0
065561 0
065562 -1
065565 -1
065566 0
065650 6
065652 6
065653 4
065654 4
065656 2
065660 2
065661 2
065662 -1
065663 0
065664 2
065665 -1
065666 4
066000 0
066001 -1
066002 0
066003 -3
066004 4
066005 2
066006 4
066010 8
066012 0
066013 0
066014 6
066015 6
066016 8
066020 10
066021 2
066022 2
066023 -1
066024 2
066025 4
066026 10
066030 10
066031 6
066032 0
066033 6
066034 8
066035 8
066036 10
066040 4
066041 0
066042 4
066043 -3
066044 0
066045 2
066046 8
066050 6
066060 4
066062 0
066065 2
066066 0
066110 6
066111 -1
066112 6
066113 0
066114 4
066115 4
066116 4
066121 0
066125 -3
066131 -1
066132 6
066160 0
066161 -5
066162 0
066163 -3
066164 0
066165 0
066166 0
066202 -5
066212 -5
066214 2
066220 6
066221 6
066222 0
066223 0
066224 4
066225 4
066226 6
066241 6
066242 -5
066243 0
066244 -1
066245 2
066250 0
066251 0
066252 -5
066256 0
066262 -5
066265 0
066266 0
066312 4
066313 -7
066314 -7
066343 -5
066350 4
066351 0
066352 0
066353 -5
066354 0
066355 -1
066356 0
066360 -3
066362 -3
066363 -7
066365 -3
066366 -3
066460 4
066462 4
066463 -7
066464 0
066465 4
066466 4
066525 0
066565 0
066566 2
066600 6
066602 4
066604 4
066605 4
066606 4
066612 0
066613 0
066614 8
066615 6
066616 6
066631 8
066632 4
066635 8
066636 6
066641 2
066642 4
066643 0
066644 -3
066645 2
066646 4
066650 6
066656 6
066660 0
066661 -1
066662 0
066663 -3
066664 0
066665 2
066666 0
100000 4
100001 0
100002 0
100003 0
100004 0
100005 6
100006 6
100010 8
100011 -3
100012 18
100013 8
100014 6
100015 8
100016 8
100030 10
100032 8
100033 0
100034 6
100036 10
100100 0
100101 -1
100103 -3
100104 -1
100105 0
100200 0
100201 0
100202 0
100203 2
100204 4
100205 0
100212 4
100213 6
100216 10
100220 8
100221 8
100222 -3
100223 10
100224 8
100225 8
100226 8
100250 6
100251 0
100252 -1
100253 4
100254 6
100255 0
100256 0
100300 -1
100303 -7
100304 -5
100305 -5
100313 4
100316 8
100400 0
100404 -5
100405 -3
100500 0
100505 0
100600 2
100601 0
100602 6
100603 4
100604 0
100605 4
100606 4
101000 6
101001 2
101002 6
101003 4
101004 6
101005 8
101006 8
101010 36
101011 6
101013 36
101015 36
101016 36
101101 -1
101102 0
101103 8
101105 2
101106 2
101110 4
101111 6
101112 2
101113 4
101115 6
101116 6
101120 6
101121 6
101123 4
101131 6
101132 6
101134 6
101135 8
101140 10
101141 4
101142 6
101143 8
101144 4
101145 8
101146 10
101151 -3
101152 0
101153 4
101156 0
101160 8
101161 -3
101162 0
101163 4
101164 -3
101165 0
101166 8
101210 36
101211 6
101212 36
101213 36
101214 36
101215 36
101216 36
101220 8
101221 6
101223 12
101224 26
101225 12
101226 12
101311 4
101401 -5
101402 8
101403 4
101404 4
101405 4
101406 6
101410 36
101411 6
101413 36
101414 36
101415 36
101416 36
101502 8
101503 2
101505 8
101506 8
101511 6
101520 10
101521 6
101525 22
101606 8
101611 6
101630 10
101631 8
101632 8
101633 10
101634 8
101635 24
101636 22
101660 6
101661 2
101662 6
101663 6
101664 6
101665 8
101666 8
103000 8
103001 8
103002 6
103003 4
103004 2
103005 8
103006 8
103010 8
103011 8
103012 6
103013 8
103014 6
103015 10
103100 6
103101 -1
103102 0
103103 -1
103104 0
103105 6
103106 4
103110 10
103112 8
103115 8
103116 8
103130 20
103131 20
103132 8
103133 6
103135 20
103136 12
103150 34
103151 34
103152 4
103212 4
103512 6
103514 6
103515 22
104000 8
104001 8
104002 8
104003 0
104004 4
104005 6
104006 8
104010 4
104012 10
104014 6
104015 14
104016 10
104030 36
104036 36
104040 6
104042 10
104043 6
104046 12
104060 2
104061 34
104062 8
104063 2
104064 34
104065 6
104066 34
104101 2
104106 4
104110 10
104113 8
104114 6
104115 8
104130 36
104140 20
104141 20
104142 6
104146 8
104150 34
104152 6
104154 34
104156 6
104201 4
104202 0
104206 6
104215 10
104216 10
104220 10
104222 6
104223 12
104226 10
104230 8
104231 4
104232 2
104233 -3
104234 4
104235 2
104236 6
104242 8
104243 12
104246 10
104310 4
104312 12
104313 6
104314 6
104315 6
104316 6
104364 -3
104400 8
104401 0
104402 0
104404 2
104406 4
104430 36
104431 36
104434 36
104450 34
104500 8
104501 4
104502 6
104503 4
104504 4
104505 4
104506 6
104515 22
104530 36
104533 36
104535 36
104536 36
104540 22
104541 20
104543 6
104546 24
104660 8
104661 0
104662 6
104663 4
104666 10
110100 -3
110101 -5
110102 -5
110103 -7
110104 2
110105 -3
110106 -1
110110 6
110111 6
110112 -1
110113 -5
110114 4
110115 6
110116 4
110161 -7
110164 -1
110220 6
110221 -1
110222 -1
110223 4
110224 4
110225 4
110226 4
110400 4
110402 -3
110403 -7
110404 -3
110405 4
110406 8
110414 6
111000 0
111001 -1
111002 4
111003 0
111004 0
111005 6
111006 4
111010 6
111011 6
111012 4
111014 0
111015 6
111016 8
111050 6
111052 0
111053 4
111054 -1
111055 0
111056 0
111100 0
111101 0
111102 -3
111103 -3
111104 0
111105 0
111106 -1
111110 0
111111 0
111112 -3
111113 -3
111114 -3
111115 -3
111116 0
111121 34
111122 34
111123 -3
111126 34
111130 8
111131 34
111132 -1
111135 34
111136 34
111140 8
111141 8
111142 0
111143 -1
111144 -1
111145 6
111146 0
111150 6
111151 -1
111152 -1
111153 0
111154 -3
111155 -1
111156 0
111160 -1
111161 0
111162 -3
111163 -1
111164 -3
111165 0
111166 0
111202 -5
111203 2
111204 4
111206 4
111211 -3
111212 -5
111214 4
111215 2
111216 2
111220 12
111221 4
111222 -3
111223 4
111224 6
111225 4
111226 10
111232 -3
111235 8
111236 6
111240 0
111242 -5
111243 6
111244 -3
111245 6
111246 8
111252 -5
111256 -3
111260 0
111262 -5
111263 0
111264 -3
111265 -3
111266 4
111310 4
111311 4
111312 6
111313 -11
111314 -5
111315 -5
111316 4
111323 -9
111343 -9
111344 -3
111345 4
111411 0
111414 -5
111430 6
111431 0
111432 6
111433 -1
111434 6
111435 8
111436 6
111502 2
111503 -7
111504 8
111505 0
111506 6
111511 10
111514 2
111515 6
111520 6
111521 34
111522 34
111523 2
111525 34
111526 34
111535 34
111544 6
111545 4
111604 6
111606 6
111611 10
111614 2
111615 10
111616 10
111623 -1
111626 34
111635 34
111636 34
111640 8
111643 4
111644 4
111645 8
111646 8
111656 0
111660 0
111661 -1
111662 0
111663 -3
111664 -3
111665 8
111666 10
112001 -1
112010 2
112011 0
112012 0
112013 0
112016 8
112030 36
112031 36
112032 36
112033 36
112036 36
112066 0
112101 36
112102 36
112103 -7
112106 36
112110 10
112111 34
112112 34
112113 4
112114 0
112115 34
112116 34
112120 6
112121 -5
112122 34
112123 4
112131 36
112132 36
112133 36
112134 36
112136 36
112160 -3
112161 -7
112163 -7
112165 34
112166 34
112206 36
112212 34
112213 0
112216 34
112220 8
112221 34
112222 34
112223 -1
112224 6
112225 34
112232 36
112236 36
112250 -3
112251 34
112252 34
112254 -3
112255 34
112261 34
112262 34
112263 -5
112264 -5
112265 34
112266 34
112401 36
112402 36
112403 -3
112404 36
112405 36
112406 36
112410 -3
112411 0
112412 0
112413 0
112414 -3
112415 0
112416 4
112420 6
112421 4
112422 -3
112423 4
112424 8
112425 12
112433 36
112434 36
112436 36
112620 12
112621 34
112622 34
112623 6
112624 12
112625 34
112626 34
113101 36
113104 36
113110 8
113111 34
113112 4
113113 34
113114 4
113115 34
113116 34
113131 4
113133 34
113135 34
113136 34
113161 -1
113163 34
113165 34
113166 34
113201 -3
113202 -5
113204 4
113206 -1
113221 -3
113224 8
113225 8
113226 0
113231 8
113232 10
113235 8
113236 10
113251 0
113252 -7
113430 10
113431 8
113432 8
113433 -1
113434 10
113435 22
113436 10
113601 36
113640 36
113644 36
113646 36
113660 0
113661 34
113663 34
113664 4
113665 34
114101 -5
114102 -5
114103 -5
114104 -3
114106 2
114110 10
114111 10
114112 2
114113 8
114114 4
114115 8
114116 8
114120 36
114121 36
114122 36
114124 36
114125 36
114126 36
114130 36
114131 36
114134 36
114136 36
114141 -3
114144 2
114145 18
114146 6
114161 -5
114164 34
114165 0
114202 -5
114203 2
114204 -1
114206 2
114220 8
114221 0
114222 -1
114223 6
114224 6
114226 8
114231 -1
114232 -7
114234 0
114236 0
114241 4
114242 8
114244 0
114246 8
114414 0
114420 36
114422 36
114424 36
114425 36
114434 36
114441 4
115000 2
115001 -1
115003 0
115004 -3
115005 -1
115006 0
115050 8
115101 -5
115102 -5
115105 -3
115106 -1
115110 4
115111 4
115112 0
115113 4
115114 -3
115115 4
115116 4
115120 -1
115121 -5
115131 0
115140 34
115141 -5
115142 -1
115143 -5
115144 34
115145 34
115146 -1
115150 6
115151 -3
115152 -3
115154 -3
115155 -3
115156 0
115161 -5
115165 -1
115221 -3
115226 2
115401 -1
115402 2
115404 0
115405 0
115406 4
115412 2
115414 -1
115415 0
115416 0
115421 -1
115424 4
115425 -1
115430 2
115431 2
115432 4
115433 -5
115434 -1
115435 -1
115436 4
115450 -3
115454 -3
115455 -3
115456 4
115512 -3
115515 -1
115516 0
115521 34
115531 34
115606 -1
115620 0
115621 34
115622 34
115624 6
115625 34
115626 34
115630 0
115631 34
115632 0
115635 34
115636 34
115644 0
115645 0
115646 0
115650 4
115655 6
115656 2
115660 -3
115661 -3
115663 0
115666 0
116110 8
116111 8
116112 0
116113 4
116114 -3
116115 4
116116 4
116160 -1
116161 -7
116166 -1
116200 -1
116201 -7
116204 -1
116206 -3
116220 6
116221 -3
116223 2
116224 4
116225 0
116226 2
116231 4
116232 -7
116233 -7
116236 2
116240 4
116241 0
116243 0
116244 -3
116251 0
116252 4
116260 -3
116261 -5
116266 -1
120220 -1
120221 -5
120222 -5
120223 4
120224 4
120225 0
120226 0
121101 -5
121111 0
121112 -1
121115 0
121116 0
121121 6
121125 6
121126 0
121131 0
121132 -3
121135 4
121141 0
121151 -3
121161 -3
121166 -3
121200 16
121201 -5
121202 -5
121204 4
121205 4
121206 6
121211 4
121212 36
121213 36
121215 36
121216 36
121220 8
121221 -1
121222 4
121223 8
121224 8
121225 6
121226 8
121240 4
121241 -3
121242 -5
121244 4
121245 4
121246 4
121250 4
121251 -3
121252 -5
121253 4
121256 4
121411 4
121412 36
121415 36
121416 36
121421 8
121424 8
121425 8
121426 22
121440 10
121442 8
121444 20
121445 8
121452 4
121453 8
121455 4
121456 10
121460 6
121462 4
121464 4
121465 4
121466 6
121611 4
121625 20
121626 20
121656 4
121662 6
121666 6
122020 10
122022 8
122024 8
122025 8
122120 12
122121 8
122122 8
122123 6
122124 8
122125 8
122126 10
122210 6
122211 -1
122212 -5
122213 -3
122214 8
122215 -1
122216 -3
122220 0
122221 -1
122222 0
122223 2
122224 8
122225 0
122226 2
122320 8
122322 8
122323 8
122324 10
122325 8
122422 8
122424 8
122522 8
122524 8
122525 8
122620 10
122622 8
122623 14
122624 10
122625 8
122626 10
123202 -7
123204 0
123205 0
123206 0
123212 -5
123215 6
123216 6
123220 8
123221 0
123222 -3
123223 -1
123224 8
123225 8
123226 6
123232 0
123234 8
123235 8
123242 -5
123243 -7
123244 -3
123245 -3
123246 2
123252 -5
123253 -9
123262 -5
124220 6
124221 4
124222 -3
124223 10
124224 -3
124225 4
124226 4
124404 -5
124405 0
124406 0
124410 6
124411 -1
124420 8
124422 -1
124423 6
124424 8
124426 8
124434 -3
124441 4
124442 -5
124443 6
124444 -3
124451 0
124460 2
124463 -3
125220 6
125221 4
125222 -3
125223 6
125224 6
125225 6
125226 -1
125421 8
125423 12
125424 8
125426 14
125600 -3
125601 -3
125602 -5
125603 4
125604 4
125605 -3
125606 -3
125650 4
125651 -3
125652 -1
125653 8
125654 8
125655 -3
125656 6
126200 -5
126201 -5
126202 -7
126204 -7
126206 -3
126210 4
126211 -3
126212 -5
126213 4
126215 4
126216 4
126220 4
126221 4
126222 -3
126223 4
126224 4
126225 -1
126226 4
126240 2
126241 0
126242 -5
126243 4
126244 -5
126260 -3
126261 -5
126262 -7
126265 -5
126266 0
130100 -5
130102 -1
130103 -9
130105 -9
130106 -3
130113 -9
130114 -7
130116 2
130123 -9
130126 -5
130131 4
130160 -3
130161 -5
130166 -5
130330 4
130331 -9
130332 4
130333 -7
130334 -7
130335 -5
130336 0
130360 -5
130361 -9
130363 -11
130365 -9
130366 -9
130420 0
130423 -7
130424 -7
130426 -3
131101 -3
131111 6
131112 2
131113 -5
131115 -3
131116 6
131121 -7
131131 0
131141 -3
131144 -3
131151 0
131161 0
131201 -3
131202 8
131203 4
131205 4
131206 6
131211 4
131221 6
131223 14
131224 2
131225 8
131226 24
131241 6
131242 6
131243 8
131244 4
131245 8
131246 20
131260 4
131261 -3
131263 4
131266 4
131301 -9
131303 -11
131305 -9
131306 0
131310 36
131311 4
131312 36
131313 36
131320 6
131321 -7
131323 -9
131330 6
131331 6
131332 8
131333 4
131334 6
131335 6
131336 6
131360 6
131361 -7
131363 -9
131402 4
131403 -11
131404 -13
131405 -35
131406 0
131411 4
131412 36
131413 36
131414 36
131415 36
131416 36
131420 24
131423 0
131440 4
131442 8
131443 -7
131444 -3
131445 -35
131446 -1
131460 4
131462 4
131463 4
131464 0
131465 4
131466 4
131605 4
131610 36
131611 8
131612 36
131613 36
131616 36
131620 8
131622 4
131623 4
131624 4
131626 6
131643 6
131644 2
131661 8
131662 8
131663 4
131664 4
131665 4
131666 4
132001 -1
132003 -7
132040 0
132042 0
132044 -3
132045 4
132061 -1
132120 6
132200 -3
132201 -5
132202 -9
132203 -9
132204 -1
132206 -3
132210 4
132211 -7
132213 4
132214 4
132330 -3
132331 -5
132332 -5
132333 -7
132334 4
132335 4
132336 4
132603 -9
132620 8
132622 -5
132623 8
132624 6
132662 -3
132663 -9
132666 0
133000 8
133001 4
133002 10
133003 2
133004 6
133005 4
133006 8
133010 8
133011 8
133012 12
133016 8
133030 10
133031 10
133032 12
133033 8
133034 8
133035 8
133110 8
133111 8
133112 6
133113 0
133114 4
133115 4
133116 8
133121 4
133131 8
133133 8
133141 8
133143 0
133211 4
133212 8
133216 12
133220 12
133221 10
133222 0
133223 0
133224 12
133225 12
133226 12
133231 12
133232 10
133233 10
133235 12
133301 -5
133303 -7
133310 4
133311 8
133312 6
133313 -7
133314 -7
133315 -7
133316 8
133330 4
133331 0
133332 6
133333 8
133334 6
133335 4
133336 8
133351 0
133353 -7
133360 0
133361 -3
133362 0
133363 -7
133364 2
133365 4
133366 0
133410 8
133411 6
133412 8
133414 0
133415 -35
133416 8
133431 8
133432 12
133433 6
133434 10
133435 -35
133440 0
133441 -1
133442 12
133443 -7
133444 -3
133445 -35
133446 -1
133531 10
133533 8
133535 12
133611 8
133616 8
133630 8
133631 8
133632 12
133633 8
133634 8
133635 10
133636 12
133660 8
133661 8
133662 8
133663 2
133664 4
133665 6
133666 4
134120 0
134121 -7
134122 -7
134123 -7
134124 -5
134125 -3
134126 0
134140 0
134141 -3
134142 4
134143 4
134144 0
134145 6
134146 4
134260 4
134311 -9
134313 -9
134314 6
134320 -5
134322 -7
134323 -9
134324 -9
134325 -3
134326 -1
134330 6
134331 -5
134332 8
134333 -5
134334 6
134335 6
134336 8
134360 -5
134361 -9
134362 -1
134363 -9
134364 -9
134366 -7
134424 -7
135003 -7
135006 4
135012 6
135016 6
135020 0
135022 0
135023 -7
135025 0
135030 8
135031 8
135032 8
135033 4
135034 8
135035 8
135036 8
135040 0
135041 0
135042 6
135043 -7
135044 0
135045 0
135046 2
135050 6
135060 0
135101 -5
135102 -1
135103 -9
135104 0
135106 -3
135112 4
135113 -9
135114 4
135115 0
135116 4
135120 2
135121 -5
135122 -3
135123 -9
135124 0
135125 -3
135131 4
135135 4
135144 -3
135150 8
135151 4
135152 8
135154 6
135155 6
135156 4
135161 -5
135162 0
135163 -9
135164 -1
135165 -5
135200 4
135202 -3
135203 -9
135204 4
135211 0
135216 8
135221 4
135223 6
135226 8
135231 6
135232 6
135233 6
135234 12
135235 6
135241 0
135242 4
135243 -3
135244 0
135250 8
135260 2
135262 -3
135300 -9
135303 -9
135304 -9
135306 -9
135310 -5
135311 -9
135312 4
135313 -9
135314 6
135315 -7
135316 4
135322 -11
135323 -11
135325 -9
135330 4
135331 -9
135332 6
135333 -9
136113 -9
136131 4
136141 -5
136144 -3
136146 0
136161 -5
136163 -7
136166 -3
136330 6
136331 -7
136332 4
136333 -7
136334 4
136335 -5
136336 6
136520 4
136521 0
136522 0
136523 -7
136524 4
136525 0
140402 -5
140403 -13
140404 -13
140405 6
140406 4
140412 4
140414 -5
140431 36
140432 4
140433 36
140434 36
140440 4
140441 6
140442 4
140443 -7
140444 4
140445 6
140446 6
140450 4
140452 -3
140454 -3
140456 4
140461 -3
140464 -9
140465 -1
140466 0
141100 8
141101 4
141102 -3
141103 -7
141104 4
141105 6
141106 8
141110 2
141111 4
141112 4
141113 -3
141114 -5
141115 4
141116 6
141120 0
141121 4
141122 -3
141123 4
141124 6
141125 6
141126 6
141131 8
141140 6
141141 -5
141142 8
141143 2
141144 -3
141145 4
141146 8
141151 -5
141152 -3
141153 6
141154 -5
141155 -3
141156 0
141161 -5
141162 -3
141163 4
141164 -5
141165 -1
141166 -3
141411 4
141412 36
141414 36
141415 36
141416 36
141440 8
141441 4
141442 8
141443 6
141444 6
141445 6
141446 8
141452 4
141453 6
141454 -1
141455 -5
141456 4
141611 6
141655 0
141656 6
141662 8
141664 6
141665 6
141666 6
142404 36
142410 6
142412 -3
142413 0
142414 -3
142416 8
142424 8
142433 36
142434 36
142435 36
142436 36
142440 6
142441 6
142442 0
142443 6
142444 6
142445 6
142446 6
142452 -5
142454 -5
142455 0
142464 -5
142465 2
142604 36
142610 6
142612 6
142622 0
142624 8
142652 2
142654 6
142656 10
142662 0
142663 -3
142664 -1
142666 4
143210 12
143211 6
143212 8
143216 10
143224 8
143242 8
143252 0
143253 -3
143262 2
143266 6
143410 6
143411 4
143412 6
143413 8
143414 6
143415 8
143416 8
143430 10
143432 8
143433 -1
143434 -1
143435 12
143436 10
143440 6
143441 6
143442 6
143443 4
143444 6
143445 8
143446 8
144000 6
144001 2
144002 8
144003 0
144004 0
144005 0
144006 8
144010 8
144014 0
144015 4
144020 8
144021 -1
144022 4
144023 6
144024 0
144030 8
144031 0
144032 8
144033 6
144034 0
144035 10
144036 10
144040 10
144044 6
144050 6
144060 6
144061 4
144064 -1
144065 4
144066 8
144101 2
144102 4
144103 -5
144104 8
144105 6
144110 0
144111 0
144112 4
144113 -3
144114 -1
144115 8
144116 0
144121 -3
144122 4
144124 8
144131 2
144132 8
144133 6
144134 8
144140 8
144141 4
144144 4
144146 8
144150 4
144151 -3
144152 4
144153 4
144155 4
144161 -3
144166 4
144220 14
144221 8
144222 10
144223 10
144224 20
144225 8
144226 14
144240 8
144241 8
144242 8
144243 10
144244 8
144245 8
144246 8
144340 8
144341 4
144343 0
144344 6
144345 -35
144346 8
144360 4
144361 2
144362 4
144363 0
144364 -1
144365 4
144366 4
144402 -3
144404 -1
144405 0
144414 -3
144415 0
144422 -1
144424 -1
144432 8
144433 -1
144434 0
144440 0
144441 0
144442 8
144443 -1
144444 0
144445 6
144446 0
144450 -3
144451 -3
144452 10
144453 -3
144454 -3
144455 -3
144456 0
144461 -3
144464 -3
144465 0
144466 0
144520 4
144521 6
144522 6
144523 4
144524 2
144525 8
144526 20
144540 10
144541 10
144544 4
144545 10
144546 12
144601 8
144602 8
144603 -3
144604 12
144605 10
144606 12
144610 8
144612 10
144614 6
144615 8
144616 8
144620 8
144621 6
144622 6
144623 2
144624 4
144626 10
144631 8
144632 12
144633 8
144634 12
144636 12
144640 10
144644 8
144646 10
144650 8
144651 8
144652 14
144653 8
144655 8
144656 8
144660 6
144661 4
144662 8
144663 -3
144664 0
144665 4
144666 8
146113 -1
146114 -5
146121 -3
146123 -3
146124 -3
146125 4
146126 6
146131 -1
146132 2
146133 -5
146134 -5
146136 2
146151 -5
146152 -3
146154 -5
146155 -3
146161 -5
146163 -3
146164 -3
146204 -5
146206 0
146220 8
146223 4
146224 4
146225 6
146226 8
146240 6
146241 4
146242 4
146244 0
146245 4
146246 8
146261 -3
146262 -7
146263 0
146264 -1
146265 -5
146410 4
146414 0
146432 0
146433 -5
146434 -3
146436 6
146440 2
146441 -1
146442 4
146443 4
146444 -3
146445 4
146446 2
146452 -3
146454 -5
146455 -5
146456 -5
150121 36
150125 36
150140 2
150141 2
150142 0
150143 -3
150144 -3
150145 0
150146 4
150201 0
150202 -5
150203 -3
150204 -5
150222 -3
150225 4
150320 0
150321 -3
150323 -9
150324 -5
150325 -3
150326 -3
150501 0
150502 -3
150503 -9
150504 2
150505 -9
150506 4
150512 -3
150513 -9
150515 -9
150516 8
150520 36
150525 36
150532 -3
150535 36
150540 4
150542 0
150544 -3
150545 0
150546 4
150550 8
150551 2
150552 -5
150553 -5
150554 6
150555 2
150556 6
150560 0
150561 -5
150562 -5
150563 -7
150564 4
150565 -5
150566 0
151101 2
151102 -5
151103 -5
151105 6
151106 8
151111 10
151115 8
151121 34
151125 34
151131 34
151135 34
151141 6
151142 0
151143 6
151145 6
151151 4
151156 8
151161 2
151162 -3
151163 2
151165 4
151166 6
151211 4
151225 20
151245 4
151310 36
151311 6
151312 36
151313 36
151315 36
151316 36
151320 6
151321 0
151323 -5
151324 4
151325 8
151326 -3
151330 4
151331 6
151332 8
151335 8
151336 8
151343 6
151345 8
151346 8
151360 4
151362 2
151363 -5
151365 4
151366 6
151402 4
151404 8
151405 22
151406 24
151411 6
151420 4
151424 8
151425 22
151426 24
151431 10
151432 8
151435 22
151445 6
151450 6
151451 4
151452 4
151454 6
151455 6
151456 8
151460 4
151464 -1
151465 4
151510 36
151511 4
151512 36
151514 36
151515 36
151516 36
151525 8
151535 10
151545 6
151550 6
151551 8
151552 -5
151553 2
151554 -3
151555 8
151556 8
151602 4
151610 36
151611 6
151612 36
151614 36
151620 24
151625 34
151626 34
151631 34
151632 8
151634 24
151635 34
151636 34
151640 24
151642 14
151645 12
152120 12
152121 34
152123 4
152210 4
152211 34
152212 34
152213 4
152214 4
152215 34
152216 34
152520 24
152521 34
152522 34
152523 4
152524 24
152525 8
152526 34
152550 8
152551 34
152552 34
152553 4
152554 8
152555 34
152556 34
153100 36
153101 36
153102 -3
153103 36
153104 36
153105 36
153106 36
153120 36
153121 36
153122 36
153123 36
153124 36
153125 36
153126 36
153140 36
153141 36
153142 -1
153143 36
153144 36
153145 36
153146 36
153215 8
153224 16
153225 0
153243 -3
153245 -3
153430 10
153432 16
153436 24
153441 10
153442 8
153443 4
153444 10
153445 10
153446 24
153550 8
153551 34
153552 2
153553 34
153554 8
153555 34
153556 34
154300 4
154302 4
154303 -5
154304 -3
154305 -1
154306 4
154410 8
154411 6
154412 4
154413 8
154414 0
154415 8
154416 4
154540 10
154541 8
154542 8
154543 4
154545 -3
154546 12
154550 6
154551 4
154552 0
154553 6
154554 6
154555 0
154556 8
154602 4
154604 4
154606 6
154623 4
154633 36
154635 36
154636 36
154641 24
154646 22
155000 8
155001 0
155002 2
155003 0
155004 0
155005 4
155006 6
155010 6
155011 4
155012 4
155015 6
155016 8
155020 8
155021 8
155022 0
155023 4
155024 6
155025 12
155026 12
155030 10
155034 6
155040 8
155043 6
155050 8
155051 8
155052 6
155053 4
155054 6
155055 6
155056 10
155060 6
155100 6
155101 -5
155102 0
155103 -7
155104 6
155105 6
155106 0
155110 8
155111 6
155112 2
155113 -5
155114 -3
155115 10
155116 8
155121 34
155124 6
155130 10
155131 34
155132 6
155133 34
155134 8
155135 34
155136 34
155140 12
155141 4
155142 8
155143 0
155144 -3
155145 12
155146 22
155151 20
155153 -5
155154 8
155155 6
155156 8
155160 6
155161 6
155162 -3
155163 8
155164 4
155165 8
155166 8
155202 -5
155203 2
155205 -3
155206 4
155211 4
155212 4
155216 6
155220 8
155221 8
155222 -1
155223 6
155224 8
155225 -1
155226 8
155230 6
155232 4
155233 0
155234 8
155235 4
155236 6
155240 8
155242 0
155243 8
155244 2
155245 -1
155246 8
155251 -3
155252 -5
155253 4
155254 4
155255 4
155256 8
155260 4
155262 -5
155263 0
155264 -1
155265 -5
155266 2
155303 -9
155305 -7
155306 -3
155310 6
155311 -3
155312 4
155313 -5
155314 -35
155315 4
155316 4
155321 -3
155322 -3
155323 2
155324 2
155325 4
155326 4
155330 8
155331 8
155332 8
155333 -7
155334 -35
155335 6
155336 6
155353 -5
155354 -35
155355 0
155356 4
155360 8
155363 -5
155364 2
155365 6
155366 4
155424 6
155434 8
155440 0
155441 8
155442 6
155443 -35
155444 -3
155445 0
155446 6
155454 0
155455 6
155511 -3
155512 4
155515 8
155516 8
155521 34
155522 34
155524 8
155525 34
155526 34
155530 10
155533 34
155534 12
155535 34
155540 12
155543 6
155544 0
155545 -1
155550 2
155551 8
155552 0
155553 -5
155554 2
155555 10
155556 8
155560 -3
155565 4
155616 8
155621 34
155624 12
155626 34
155630 12
155633 34
155634 12
155635 34
155636 34
155640 20
155643 6
155644 4
155645 10
155646 8
155654 8
155655 6
155656 8
156100 0
156101 -3
156102 -3
156103 -5
156104 2
156106 -1
156110 0
156113 0
156114 0
156115 0
156136 34
156160 -3
156161 -3
156162 -3
156163 -3
156164 0
156165 -1
156166 0
156200 -3
156202 -5
156204 -3
156206 -5
156210 4
156215 -5
156216 4
156225 -3
156226 0
156231 -1
156232 -3
156235 -3
156236 4
156240 0
156241 0
156242 -5
156244 -3
156245 -1
156246 6
156265 -3
156406 6
156431 6
156432 6
156434 0
156435 4
156436 8
156441 6
156445 4
156446 6
156515 -5
156531 34
156535 -3
156536 34
156550 2
156551 -1
156552 -5
156553 0
156554 4
156555 -1
156556 4
156563 -7
156564 0
156565 -7
161101 0
161102 -5
161103 4
161111 8
161115 10
161116 8
161120 6
161121 34
161122 34
161123 4
161125 34
161126 34
161131 34
161132 6
161133 34
161134 10
161141 8
161142 0
161143 0
161144 4
161145 10
161146 10
161151 0
161152 -3
161153 4
161155 6
161156 6
161161 0
161162 0
161164 2
161165 8
161166 6
161610 36
161611 6
161612 36
161614 36
161615 36
161616 36
161660 6
161661 6
161662 6
161663 4
161664 6
161665 6
161666 8
162610 22
162612 34
162614 22
162616 8
162620 22
162622 34
162623 12
162624 22
162625 34
162626 12
162660 6
162661 34
162662 34
162663 -3
162664 6
162665 34
162666 34
163224 12
163225 8
163226 10
163232 8
163234 12
163235 10
163236 8
163243 2
163244 0
163245 4
163246 6
163252 0
163256 0
163260 4
163261 -1
163262 0
163263 -5
163264 8
163265 6
163401 36
163402 8
163404 36
163406 36
163450 4
163452 8
163454 0
163456 8
163460 6
163463 6
163464 4
163465 10
163611 34
163612 8
163613 34
163614 22
163616 8
163631 34
163633 34
163634 22
163635 34
163636 10
163660 8
163661 34
163662 6
163663 34
163664 8
163665 34
163666 34
164103 -3
164104 0
164106 2
164122 36
164125 36
164126 36
164146 8
164161 2
164162 0
164163 0
164166 6
164206 6
164262 -5
164302 6
164306 6
164362 4
164363 -7
164366 4
164406 0
164410 8
164412 2
164414 2
164430 36
164434 36
164436 36
164606 2
164610 22
164612 14
164613 8
164614 0
164615 14
164616 6
164630 36
164633 36
164636 36
164660 8
164661 6
164662 6
164663 4
164664 0
164665 8
164666 6
165006 2
165012 4
165016 6
165030 6
165604 6
165606 0
165616 4
165626 2
165636 6
165650 4
165653 4
165654 4
165655 2
165656 2
165660 2
165661 2
165662 -3
165663 2
165664 0
165665 4
165666 4
166000 0
166001 -3
166002 4
166003 0
166004 0
166005 6
166006 4
166060 4
166061 0
166062 2
166063 2
166065 6
166066 0
166120 0
166121 34
166122 34
166123 -3
166124 -3
166125 34
166126 34
166161 -3
166163 -1
166165 0
166166 0
166220 8
166221 6
166222 0
166223 6
166224 8
166225 6
166226 8
166250 0
166251 -3
166252 -5
166253 6
166256 -3
166261 0
166262 -5
166263 4
166265 0
166266 0
166363 -5
166366 -3
166460 4
166461 2
166462 6
166463 -5
166464 0
166465 6
166466 4
166502 0
166503 -5
166504 6
166505 2
166512 6
166515 6
166516 8
166520 4
166522 34
166523 0
166524 4
166525 34
166526 34
166530 8
166533 34
166535 34
166550 4
166551 4
166552 4
166553 4
166554 4
166555 4
166556 6
166563 -3
166565 4
166566 4
166616 12
166630 8
166631 34
166632 6
166633 34
166634 10
166635 34
166636 34
166642 6
166646 8
166650 4
166653 4
166656 6
166660 4
166661 -1
166662 0
166663 4
166664 4
166665 4
166666 6
200000 8
200001 6
200002 -3
200003 0
200004 6
200005 4
200006 8
200010 8
200011 0
200013 0
200016 8
200020 8
200024 8
200025 8
200026 20
200030 34
200031 12
200032 34
200033 34
200034 8
200035 12
200036 34
200100 4
200101 4
200104 6
200110 8
200111 2
200112 4
200113 8
200114 8
200115 6
200116 10
200120 8
200121 6
200124 8
200125 8
200126 8
200131 4
200133 4
200134 4
200135 4
200136 6
200141 6
200142 0
200143 4
200144 2
200145 0
200150 8
200151 6
200152 4
200153 6
200154 8
200155 8
200156 8
200161 0
200162 -3
200163 0
200165 0
200200 0
200201 0
200202 -3
200204 -1
200205 -3
200210 0
200211 4
200212 -5
200213 -3
200215 -1
200216 2
200220 8
200221 4
200222 -1
200223 4
200224 4
200225 4
200226 6
200231 0
200232 34
200233 34
200234 0
200235 0
200236 34
200242 34
200243 -3
200244 34
200245 -1
200250 0
200252 -5
200253 0
200254 0
200255 -3
200256 4
200262 -5
200263 -3
200300 0
200301 4
200302 -3
200303 -7
200304 0
200305 2
200400 0
200404 4
200500 0
200501 4
200504 4
200505 -3
200510 8
200511 4
200513 -1
200515 4
200516 4
200525 4
200526 8
200533 -1
200534 4
200535 4
200536 8
200543 0
200545 0
200550 8
200551 6
200552 0
200553 2
200554 4
200555 0
200556 6
200562 -3
200563 0
200565 -3
200600 4
200601 6
200602 4
200603 0
200604 4
200605 4
200606 10
201000 4
201001 0
201002 0
201003 0
201004 2
201005 8
201006 6
201010 0
201013 4
201014 8
201016 10
201020 6
201021 12
201023 6
201025 22
201030 36
201035 36
201050 0
201051 0
201052 0
201056 6
201060 0
201061 0
201063 0
201065 6
201066 0
201400 4
201401 -1
201402 -3
201403 0
201404 -5
201405 0
201406 0
201420 8
201423 24
201424 6
201426 8
201430 0
201431 -1
201432 0
201433 -3
201434 -3
201435 4
201436 4
201450 8
201451 -3
201452 -3
201453 4
201454 -5
201455 4
201456 6
201460 0
201461 -5
201463 4
201464 -5
201465 0
201466 0
201601 0
201603 0
201606 8
201620 10
201630 36
201652 4
201656 4
201660 4
201662 0
201663 0
201664 2
201666 4
202000 8
202001 8
202002 6
202003 6
202004 8
202005 8
202006 8
202020 36
202022 8
202023 36
202024 36
202025 36
202026 36
202030 22
202032 34
202033 34
202034 8
202035 24
202036 34
202050 10
202056 12
202060 6
202065 6
202120 36
202121 36
202122 8
202123 36
202124 36
202125 36
202126 36
202140 24
202143 12
202144 10
202145 8
202146 24
202160 6
202161 8
202162 -1
202163 4
202164 8
202165 8
202166 8
202200 8
202201 0
202202 0
202203 0
202204 0
202205 0
202206 0
202210 0
202211 -3
202212 6
202213 -3
202214 -3
202216 0
202220 10
202221 2
202222 12
202223 0
202224 4
202225 2
202226 12
202232 34
202236 34
202240 34
202242 34
202243 0
202244 34
202245 8
202246 34
202250 6
202252 0
202253 4
202254 -3
202255 0
202256 8
202260 4
202262 -3
202265 0
203000 34
203001 16
203002 34
203003 34
203004 6
203005 16
203006 34
203120 24
203121 14
203123 4
203126 26
203160 4
203161 -3
203162 0
203163 -3
203164 0
203165 6
203210 36
203212 36
203215 36
203216 36
203232 34
203233 34
203235 12
204000 34
204001 6
204002 34
204003 0
204004 34
204005 6
204006 34
204010 36
204011 36
204020 8
204023 8
204024 34
204025 24
204026 34
204030 36
204033 36
204034 36
204035 36
204036 36
204040 8
204043 8
204044 34
204045 22
204050 36
204051 36
204053 0
204060 0
204062 34
204063 0
204064 34
204065 8
204066 34
204600 34
204601 8
204602 34
204603 0
204604 34
204605 8
204606 34
204610 36
204611 36
204612 36
204613 4
204614 36
204615 36
204616 36
204626 34
204633 36
210101 -5
210103 0
210104 -1
210106 0
210110 0
210111 -1
210112 -5
210113 2
210114 2
210115 2
210116 4
210120 6
210121 -1
210124 4
210125 6
210126 4
210130 0
210131 -5
210133 -5
210134 -3
210136 2
210141 -1
210145 -1
210150 0
210151 -3
210155 -3
210156 0
210160 -1
210161 -5
210164 -3
210340 0
210341 -3
210342 0
210343 -5
210344 -3
210346 0
210350 0
210351 -3
210352 -7
210353 -5
210354 4
210355 -3
210356 0
210361 -5
210362 -5
210363 -5
210364 0
210366 4
211010 8
211011 10
211013 10
211015 6
211016 10
211020 12
211023 26
211025 24
211026 24
211040 12
211042 4
211043 10
211044 8
211045 8
211046 20
211110 6
211111 4
211112 0
211113 8
211114 4
211115 2
211116 2
211120 8
211121 8
211123 20
211124 8
211125 6
211126 8
211210 6
211211 6
211212 -3
211213 8
211214 6
211215 6
211216 6
211252 -3
211253 4
211256 8
211300 8
211302 6
211303 -5
211304 8
211305 8
211306 8
211311 4
211313 4
211316 8
211323 4
211325 26
211326 24
211330 26
211331 12
211332 8
211333 -3
211334 26
211335 12
211336 12
211342 4
211343 0
211345 4
211353 0
211361 -3
211363 0
211364 8
211410 12
211411 4
211413 8
211414 0
211415 6
211416 6
211511 6
211513 8
211515 -1
211516 4
211525 18
211550 6
211551 4
211552 6
211553 4
211554 6
211555 4
211556 6
211600 8
211602 4
211604 4
211605 4
211606 8
211611 6
211616 8
211625 8
211626 18
211660 8
211661 4
211662 4
211663 0
211664 4
211665 4
211666 8
212110 14
212111 12
212112 0
212113 6
212114 12
212115 12
212116 12
212121 36
212122 6
212124 36
212126 36
212200 0
212201 -1
212202 -5
212203 -1
212204 -3
212205 -3
212206 0
212210 8
212211 -1
212212 -3
212213 -1
212214 8
212215 -5
212216 0
212221 -1
212222 0
212224 4
212230 2
212231 -1
212232 0
212233 -3
212234 -3
212235 -3
212236 14
212240 8
212241 -3
212242 -3
212243 -3
212244 -3
212245 0
212246 8
212250 6
212251 -3
212252 -3
212253 -3
212254 8
212255 0
212256 2
212262 -5
212265 -3
213110 8
213111 0
213112 -3
213113 -1
213114 0
213115 6
213116 8
213121 -1
213131 8
213132 12
213134 10
213135 10
213136 22
213141 36
213143 36
213144 36
213151 36
213161 -5
213212 0
213213 4
213215 6
213221 4
213222 0
213223 4
213232 6
213235 10
213250 36
213251 36
213252 36
213254 -3
213256 36
213261 -5
214110 8
214111 0
214112 0
214113 8
214114 6
214115 0
214116 8
214120 14
214121 -3
214123 4
214124 10
214125 12
214126 10
214140 12
214141 8
214142 12
214143 4
214144 0
214145 8
214146 24
214150 36
214151 36
214153 0
214155 36
214156 36
214160 0
214161 0
214162 -5
214164 -5
214165 -3
214166 4
214512 2
214515 -3
214531 -3
214533 -5
214601 0
214612 6
214613 8
214615 8
214616 12
214623 10
214631 36
214633 36
214655 36
214656 36
220101 -5
220102 -9
220106 4
220112 -5
220121 -5
220122 -3
220130 0
220131 -5
220132 -5
220133 -5
220135 -3
220136 0
220151 -5
220155 -3
220156 4
220161 -5
220164 -3
220200 -5
220202 -11
220206 -5
220210 36
220211 36
220212 36
220216 36
220220 0
220221 -5
220222 8
220223 -9
220224 2
220225 0
220226 8
220300 -7
220301 4
220302 -9
220303 -7
220304 -7
220305 -7
220306 -7
221010 0
221011 -3
221014 4
221016 4
221210 -5
221211 34
221212 -7
221213 -7
221214 -3
221216 34
221220 0
221221 34
221222 34
221223 0
221224 0
221225 34
221226 34
221400 36
221402 36
221404 36
221406 36
221431 36
221432 36
221433 36
221434 36
221435 36
221436 36
221442 0
221462 -5
221463 0
221464 -7
221465 0
221466 0
222010 6
222012 0
222020 8
222022 8
222024 4
222030 34
222031 8
222032 34
222033 34
222034 4
222035 8
222036 34
222050 8
222052 0
222053 4
222054 4
222055 6
222060 4
222062 -1
222064 4
222065 4
222110 6
222111 4
222112 6
222113 8
222114 6
222115 6
222116 8
222120 8
222121 6
222122 8
222123 4
222124 6
222125 4
222126 8
222150 8
222151 8
222152 4
222153 8
222154 6
222155 6
222156 8
222160 4
222161 -3
222162 -3
222163 0
222164 4
222165 0
222166 4
222202 6
222212 34
222220 0
222221 0
222222 4
222223 -5
222224 -1
222225 0
222226 2
222232 34
222233 34
222240 34
222242 34
222252 6
222255 0
222262 0
222301 6
222302 -5
222303 -7
222304 0
222310 4
222312 -5
222313 -9
222320 4
222322 -3
222323 -11
222324 4
222325 8
222326 6
222330 10
222331 12
222332 10
222333 -1
222334 6
222335 8
222336 10
222340 4
222341 4
222342 -1
222343 -5
222344 -3
222345 4
222346 4
222352 0
222353 -9
222355 -1
222360 -3
222362 -5
222363 -11
222364 4
222365 4
222401 4
222402 0
222404 -3
222410 4
222412 0
222413 4
222414 0
222422 6
222424 2
222431 6
222432 0
222433 4
222434 2
222440 4
222441 6
222442 4
222443 6
222444 4
222445 6
222446 8
222462 -3
222464 -5
222465 2
222500 6
222501 0
222502 6
222503 -3
222504 4
222505 2
222510 8
222512 34
222513 4
222514 8
222515 34
222520 4
222522 8
222524 4
222525 8
222531 6
222532 34
222533 34
222534 8
222535 34
222536 34
222540 8
222542 0
222545 6
222550 4
222551 6
222552 0
222553 6
222554 4
222555 6
222556 8
222562 0
222565 6
222600 10
222601 4
222602 6
222603 0
222604 6
222605 6
222606 10
222610 8
222611 34
222612 34
222613 4
222614 8
222615 34
222616 34
222620 8
222622 10
222624 6
222625 10
222626 8
222631 8
222632 34
222633 34
222634 8
222636 34
222650 8
222652 6
222653 6
222654 4
222655 6
222656 6
222660 4
222661 4
222662 4
222663 -1
222664 4
222665 2
222666 8
223202 36
223203 36
223205 36
223212 36
223213 36
223215 36
223216 36
223220 34
223221 8
223222 34
223223 34
223224 4
223225 34
223226 34
223232 -5
223233 34
224010 36
224011 36
224020 34
224030 36
224031 36
224032 36
224033 36
224034 36
224035 36
224036 36
224040 34
224044 34
224046 34
224050 36
224051 36
224052 36
224053 -3
224054 36
224055 36
224062 34
224063 -3
224064 34
224101 -5
224112 -1
224120 6
224121 6
224122 4
224124 2
224125 4
224131 36
224132 36
224133 36
224134 36
224135 -3
224136 36
224142 6
224144 0
224146 8
224151 36
224152 36
224153 -3
224201 -5
224202 -9
224203 -9
224204 34
224206 34
224210 36
224211 36
224212 36
224213 -9
224214 36
224216 36
224220 34
224221 6
224222 34
224223 -1
224224 34
224225 0
224226 34
224232 36
224233 36
224235 36
224240 34
224242 -7
224244 34
224246 34
224403 -9
224413 -9
224414 36
224420 34
224422 34
224424 34
224425 0
224432 36
224433 36
224501 -5
224502 -7
224504 -5
224510 36
224511 36
224512 36
224513 -3
224514 36
224515 36
224516 36
224533 36
224540 8
224541 6
224542 -1
224550 0
224551 -1
224552 -3
224553 0
224554 2
224601 -1
224603 -3
224613 2
224616 36
224620 34
224621 6
224622 34
224624 34
224625 8
224626 34
224632 36
224633 36
224651 36
224652 36
224654 36
224656 36
224661 2
224662 34
224663 0
225201 -7
225202 -9
225203 -9
225204 -3
225205 34
225206 34
225210 -3
225212 -3
225213 -3
225214 -3
225215 34
225216 34
225220 8
225221 8
225222 8
225223 -9
225224 8
225225 4
225226 8
225232 36
225242 36
225252 -7
225253 0
225254 -3
225255 -3
225256 6
225260 -3
225261 -5
225262 -5
225265 -3
226201 -7
226202 -9
226203 -9
226204 -5
226205 -7
226212 -5
226216 34
226220 4
226221 -5
226222 4
226223 -3
226224 4
226225 0
226226 4
226230 34
226231 -7
226232 -7
226234 -5
226236 34
226241 -5
226242 -7
226243 -7
226244 34
226260 -3
226261 -5
226262 -7
226263 -5
226264 -5
226265 -5
226266 -5
232000 6
232001 10
232003 6
232004 4
232005 6
232006 6
232015 6
232022 6
232024 36
232026 36
232043 8
232046 8
232050 12
232051 12
232053 6
232054 22
232056 8
232060 6
232062 0
232063 6
232064 8
232101 4
232103 4
232104 8
232105 8
232106 8
232121 36
232122 4
232123 36
232124 36
232126 36
232153 4
232162 -3
232163 4
232164 8
232165 8
232202 -5
232203 -9
232204 0
232205 0
232206 -1
232211 -7
232212 -7
232213 -7
232214 -3
232221 0
232222 0
232223 -5
232224 2
232226 0
232231 12
232232 10
232233 0
232234 12
232235 12
232236 10
232242 -5
232243 -5
232246 0
232252 -1
232253 -7
232254 8
232262 -5
232263 -7
232264 0
232303 -9
232304 4
232305 4
232306 4
232310 8
232311 6
232313 -11
232314 8
232315 6
232320 36
232322 6
232323 36
232324 36
232326 36
232330 8
232331 8
232332 -5
232333 6
232334 10
232335 8
232336 8
232341 4
232343 -9
232346 8
232353 -9
232354 6
232356 6
233000 8
233001 12
233002 8
233003 -3
233004 8
233005 8
233006 8
233010 8
233011 8
233012 8
233013 0
233014 22
233020 20
233021 26
233022 10
233023 0
233024 24
233025 22
233026 22
233030 12
233032 10
233033 10
233034 14
233036 12
233050 8
233051 10
233053 0
233054 12
233055 8
233056 8
233100 8
233101 8
233102 10
233103 -3
233121 12
233123 4
233124 26
233125 26
233126 24
233130 12
233131 12
233132 12
233133 12
233134 20
233136 14
233141 10
233145 26
233151 10
233153 2
233154 24
233155 8
233156 8
233160 8
233161 8
233162 8
233163 -3
233202 -7
233203 -9
233211 8
233212 0
233232 10
233233 10
233241 10
233242 -9
233244 6
233245 10
233250 8
233251 8
233252 0
233253 0
233254 10
233255 8
233256 8
233303 -7
233311 -3
233312 0
233313 -7
233323 -7
233330 4
233331 2
233332 0
233333 0
233334 6
233335 0
233336 0
233340 0
233341 -3
233342 -5
233343 -11
233353 -7
233363 -7
233400 8
233401 8
233402 4
233403 -3
233404 6
233405 -3
233406 0
233411 6
233412 4
233413 0
233414 10
233423 -3
233424 24
233425 0
233426 8
233432 10
233433 12
233434 12
233440 14
233441 20
233442 10
233443 0
233444 0
233445 12
233446 12
233453 6
233454 10
233455 12
233456 12
233460 10
233461 10
233462 4
233463 0
233464 8
233510 8
233511 8
233512 4
233513 0
233514 4
233515 8
233516 4
233523 -3
233525 10
233530 14
233531 14
233532 10
233533 10
233534 10
233535 14
233536 10
233550 14
233551 14
233552 6
233553 -3
233554 14
233555 20
233556 10
233610 8
233611 8
233612 6
233613 0
233614 4
233616 8
233623 -3
233625 0
233626 22
233632 10
233633 10
233634 12
233636 10
233640 10
233641 12
233642 8
233644 8
233645 12
233646 8
233653 0
233655 8
233656 8
233660 8
233661 10
233662 8
233663 -3
233664 6
233665 0
233666 0
234203 -11
234240 6
234241 6
234242 -1
234243 8
234244 -5
234245 4
234246 6
234330 6
234331 8
234332 -5
234333 -5
240103 0
240104 -5
240110 6
240112 2
240114 -3
240115 4
240120 8
240124 4
240126 4
240141 2
240142 4
240144 -1
240160 0
240200 -3
240201 -1
240202 -7
240204 -5
240205 0
240206 4
240230 36
240231 0
240232 36
240233 36
240234 36
240235 36
240236 36
240404 -5
240405 -3
240431 -3
240434 36
240435 36
240436 36
240440 6
240441 0
240442 0
240443 4
240444 0
240445 4
240446 6
240510 36
240514 36
240515 36
240601 0
240604 0
240605 8
240641 6
240642 6
240644 8
240646 8
240661 -3
240664 0
240665 4
240666 4
242004 8
242005 6
242006 8
242022 8
242050 10
242054 8
242060 8
242062 4
242065 8
242110 24
242113 26
242114 6
242115 8
242116 8
242122 8
242126 36
242130 26
242131 12
242133 4
242134 4
242135 26
242136 22
242150 10
242153 24
242154 8
242155 8
242156 10
242200 2
242202 0
242204 -1
242212 6
242214 -3
242222 4
242224 -5
242230 0
242232 12
242242 0
242244 8
242252 -3
242262 0
242265 6
242304 4
242305 4
242306 4
242314 4
242322 4
242400 6
242404 0
242406 6
242420 36
242421 36
242422 6
242423 36
242424 36
242426 36
242430 8
242432 -7
242433 8
242434 2
242435 8
242436 8
242440 8
242441 8
242442 4
242443 10
242444 8
242445 8
242446 8
242452 -5
242453 6
242454 2
243231 10
243232 6
243235 8
243440 4
243441 4
243442 0
243443 -9
243444 0
243445 8
243446 8
244000 8
244001 8
244002 6
244003 6
244004 0
244005 6
244006 8
244020 10
244021 8
244022 4
244024 8
244030 8
244031 6
244032 8
244033 4
244034 4
244036 8
244040 10
244041 8
244042 8
244043 10
244044 8
244050 10
244053 8
244054 4
244060 8
244064 2
244110 8
244111 8
244112 6
244113 18
244114 8
244115 8
244116 8
244121 6
244122 8
244124 8
244131 4
244141 4
244142 8
244144 8
244150 8
244151 4
244152 6
244153 12
244154 0
244155 8
244156 10
244202 2
244204 0
244231 4
244232 4
244242 4
244244 6
244311 4
244312 4
244313 4
244314 -3
244320 8
244321 10
244322 2
244323 8
244324 6
244326 6
244341 8
244342 6
244343 4
244344 6
244353 8
244354 2
244360 8
244361 4
244362 4
244363 0
244364 0
244366 8
244404 -3
244424 0
244431 4
244432 0
244434 0
244440 8
244441 6
244442 0
244443 6
244444 8
244445 8
244446 6
244454 -3
244464 -3
244540 8
244541 8
244542 6
244543 6
244544 6
244545 10
244546 12
244620 10
244621 8
244622 10
244624 12
244626 12
244640 10
244641 8
244642 8
244643 8
244644 8
244646 10
244660 8
244661 8
244662 4
244663 -3
244664 -3
244665 4
244666 8
246231 0
246236 2
246240 4
246241 4
246242 4
246244 -3
246303 -5
246313 -3
246314 -5
246400 -3
246401 -5
246402 -5
246403 -7
246404 -5
246405 2
246420 6
246421 4
246422 -5
246423 4
246424 2
246425 6
246426 4
246431 -3
246432 -7
246434 -9
246435 -1
246436 0
246440 2
246441 -3
246442 -5
246443 6
246444 -3
246445 4
246446 0
246450 -5
246451 -5
246452 -5
246453 2
246454 -5
252022 8
252050 12
252055 8
252121 36
252122 6
252124 36
252125 36
252150 10
252151 12
252155 6
252156 8
252202 -5
252210 0
252211 34
252212 34
252213 -3
252214 2
252216 34
252221 -1
252222 0
252223 2
252224 -1
252225 0
252226 6
252230 12
252232 34
252233 34
252234 12
252235 34
252236 34
252242 0
252250 6
252251 0
252252 -5
252253 2
252254 6
252255 2
252256 0
252262 -7
252266 -1
252320 36
252321 36
252322 6
252323 36
252324 36
252325 36
252340 8
252341 26
252342 0
252343 4
252346 6
252350 8
252351 6
252353 6
252354 6
252355 20
252356 6
252360 6
252362 -3
252363 6
252364 8
252365 4
252401 4
252402 8
252404 4
252410 8
252413 4
252414 8
252420 36
252422 8
252424 36
252425 36
252430 8
252435 24
252440 8
252441 8
252442 6
252443 8
252444 10
252445 8
252446 8
252450 10
252451 8
252454 8
252455 8
252456 10
252520 36
252522 10
252525 36
252550 12
252551 8
252552 2
252553 10
252554 8
252555 16
252556 10
252600 14
252601 6
252602 6
252603 -1
252604 24
252605 22
252606 22
252610 24
252613 0
252614 24
252620 36
252621 36
252622 6
252623 36
252624 36
252625 36
252626 36
252640 24
252641 8
252642 8
252644 8
252646 22
252650 12
252655 20
252656 12
252660 8
252661 6
252662 0
252663 2
252664 8
252665 10
252666 10
255050 12
255052 4
255055 6
255150 6
255151 4
255152 0
255153 8
255155 6
255200 6
255202 -5
255203 0
255204 2
255205 8
255206 6
255211 34
255212 34
255214 0
255216 34
255252 0
255255 0
255350 8
255352 6
255353 6
255355 6
255363 -1
255366 4
255430 8
255432 6
255433 4
255434 6
255435 8
255440 8
255441 6
255442 6
255443 6
255444 8
255445 0
255446 8
255450 8
255451 6
255452 4
255453 6
255454 6
255455 8
255525 -3
255540 12
255541 0
255542 8
255543 10
255544 0
255545 0
255546 10
255550 2
255551 2
255552 8
255553 8
255554 2
255555 12
255556 26
255650 10
255651 6
255652 10
255653 6
255654 10
255655 8
255656 12
255660 6
255661 4
255662 2
255663 4
255664 4
255665 12
255666 6
256204 0
256212 34
256215 34
256216 34
256230 0
256232 34
256234 2
256235 34
256236 34
256240 0
256241 -5
256242 -5
256244 -5
256245 -5
256250 2
256251 -3
256252 -3
256253 4
256254 2
256256 4
256264 0
256500 0
256501 -3
256502 -5
256504 4
256505 -3
256506 0
256510 0
256511 34
256514 6
256515 4
256516 34
256520 6
256521 4
256522 -1
256524 8
256525 4
256526 10
256530 6
256533 34
256534 4
256535 8
256536 34
256550 2
256551 -1
256552 0
256553 6
256554 6
256555 -1
256556 6
256560 2
256561 -1
256562 -5
256564 2
256565 -1
262006 8
262022 8
262024 36
262122 8
262161 4
262200 8
262202 0
262204 6
262206 10
262212 34
262221 2
262222 12
262224 8
262226 12
262232 34
262242 34
262252 12
262253 0
262254 10
262255 12
262256 6
262260 0
262261 0
262262 -3
262263 -3
262322 6
262422 8
262423 36
262460 8
262461 6
262462 -1
262463 4
262464 6
262620 36
262621 36
262622 22
262623 36
262624 36
262626 36
262660 8
262661 6
262662 18
262663 4
262664 8
262665 8
262666 22
263100 8
263104 4
263112 6
263113 4
263115 6
263116 10
263121 12
263136 24
263160 4
263161 0
263162 4
263163 -1
263164 4
263165 0
263166 12
263230 34
263231 10
263232 34
263233 34
263234 8
263235 34
263236 34
263420 8
263422 12
263425 26
263431 22
263435 26
263436 22
263441 8
263442 8
263444 12
263446 12
263460 6
263462 4
263463 -3
263464 0
263465 8
263466 6
263610 36
263611 36
263612 36
263614 36
263616 36
263620 34
263621 22
263622 34
263624 22
263625 34
263626 22
263633 34
263636 24
263660 34
263661 8
263662 34
263663 34
263664 8
263665 34
263666 34
266000 8
266001 6
266002 0
266003 -3
266004 2
266005 2
266006 6
266020 8
266021 8
266023 6
266030 34
266033 34
266035 6
266036 34
266050 8
266060 20
266066 4
266160 4
266161 0
266162 -3
266163 0
266165 0
266166 0
266201 -3
266202 -3
266204 -3
266205 -5
266206 6
266212 34
266230 34
266232 34
266233 34
266235 34
266236 34
266260 18
266262 14
266263 -3
266265 0
266266 4
266301 0
266302 -3
266303 -11
266304 0
266305 -3
266306 -3
266321 4
266323 4
266343 -7
266350 4
266352 2
266353 -1
266354 6
266355 0
266356 0
266360 0
266363 -9
266366 -3
266460 4
266461 0
266462 -5
266463 2
266464 0
266465 4
266466 4
266560 4
266563 0
266565 2
266566 2
266601 0
266605 0
266606 4
266612 34
266616 34
266620 8
266621 8
266622 -1
266623 4
266624 8
266626 20
266633 34
266635 34
266636 34
266641 12
266642 34
266643 0
266644 34
266645 12
266646 34
266650 8
266654 8
266655 6
266656 10
266660 12
266661 6
266662 8
266663 -3
266664 -3
266665 0
266666 10
300000 10
300001 8
300002 10
300003 4
300004 0
300005 8
300006 12
300030 20
300100 4
300101 10
300102 10
300103 6
300104 4
300106 4
300110 6
300111 12
300112 20
300113 4
300114 4
300115 6
300116 6
300141 34
300143 34
300161 4
300164 4
300165 8
300200 4
300202 4
300203 4
300204 8
300206 10
300212 0
300213 0
300214 4
300300 4
300303 -3
300313 -9
300323 34
300330 8
300331 8
300332 8
300333 2
300334 6
300335 8
300336 8
300343 34
300353 34
300360 4
300361 4
300362 6
300363 -5
300364 -7
300365 0
300400 0
300403 -3
300404 -3
300413 -5
300414 -1
300423 -3
300424 0
300430 10
300434 12
300440 8
300441 4
300442 8
300443 6
300444 0
300445 10
300446 8
300500 4
300501 6
300502 8
300503 0
300504 4
300505 8
300506 6
300510 8
300512 4
300513 -1
300514 4
300515 6
300516 8
300530 12
300531 16
300532 10
300533 0
300534 12
300535 12
300536 20
300600 4
300603 4
300604 4
300606 20
300612 4
300613 4
300614 6
300616 6
300623 34
300624 4
300626 34
300653 2
300656 6
300660 8
300661 4
300662 2
300663 0
303000 22
303001 20
303002 10
303003 8
303004 14
303005 16
303006 22
303010 10
303012 10
303013 8
303014 8
303015 24
303016 20
303020 22
303021 24
303022 34
303023 34
303025 24
303026 34
303030 36
303031 36
303032 36
303033 22
303035 36
303036 36
303100 12
303101 10
303104 10
303110 12
303121 12
303122 12
303125 12
303126 26
303133 14
303140 34
303141 34
303145 14
303146 26
303155 34
303300 8
303301 0
303302 0
303303 -7
303304 -1
303306 0
303313 -7
303323 34
303330 12
303333 8
303336 10
303343 34
303353 34
303355 34
303363 -7
303531 36
303532 36
303533 12
303535 36
303536 36
303600 20
303601 20
303604 10
303606 20
303613 4
303614 10
303615 24
303616 22
303623 34
303626 34
303633 20
310101 2
310102 0
310110 8
310111 -1
310112 10
310113 -5
310114 -1
310115 8
310116 4
310130 10
310131 8
310132 10
310134 10
310136 10
310220 8
310221 8
310222 4
310224 8
310225 8
310301 2
310302 4
310303 -9
310305 0
310330 6
310331 4
310332 8
310334 6
310335 4
310336 6
310351 34
310352 4
310353 34
310354 -5
310355 34
311010 12
311011 8
311016 12
311020 6
311022 4
311023 6
311025 6
311026 12
311040 34
311041 34
311042 12
311043 34
311044 34
311046 12
311110 26
311111 12
311112 12
311113 2
311114 10
311115 12
311116 10
311120 14
311121 8
311122 0
311123 -3
311124 6
311125 8
311126 12
311130 26
311131 10
311134 10
311135 12
311136 12
311141 34
311210 12
311211 8
311212 12
311213 6
311214 12
311215 12
311216 12
311230 26
311231 12
311232 10
311234 12
311235 12
311236 12
311303 -5
311306 6
311310 6
311311 6
311313 4
311316 6
311323 -3
311330 6
311331 6
311332 8
311333 4
311334 8
311335 8
311336 8
311341 34
311343 34
311344 34
311346 4
311352 6
311353 34
311356 6
311363 -5
311402 8
311403 4
311404 6
311405 10
311406 10
311410 10
311411 8
311413 6
311414 4
311415 10
311416 8
311420 10
311422 6
311423 4
311424 -1
311425 8
311426 8
311503 4
311505 10
311506 10
311510 12
311511 8
311513 4
311515 10
311516 10
311523 0
311525 -3
311530 12
311535 10
311536 10
311540 6
311541 8
311542 6
311543 0
311544 0
311545 6
311546 6
311550 8
311551 10
311552 12
311553 4
311606 10
311611 8
311616 10
311630 12
311636 12
311641 12
311644 4
311646 12
311660 8
311661 10
311662 6
311663 6
311664 8
311665 8
311666 12
313110 12
313111 12
313112 10
313113 10
313114 10
313115 10
313116 10
313130 36
313131 36
313133 14
313134 36
313135 36
313150 34
313151 10
313152 24
313154 10
313155 34
313156 24
313300 6
313301 -3
313302 -3
313303 -7
313304 -1
313306 4
313310 0
313311 18
313312 -3
313313 -7
313314 6
313315 8
313316 8
313320 0
313321 -3
313322 -5
313323 -9
313324 -3
313326 0
313330 8
313331 8
313332 8
313333 0
313334 8
313335 8
313336 8
313340 34
313341 34
313342 0
313343 34
313344 34
313345 -3
313346 4
313350 34
313351 34
313352 8
313353 34
313354 0
313355 34
313356 8
313360 6
313361 4
313362 0
313363 -7
313364 -3
313365 8
313366 8
313500 10
313501 10
313502 10
313504 10
313505 10
313506 10
313533 10
314020 36
314021 36
314023 36
314024 36
314025 0
314026 36
314050 36
314051 36
314052 36
314054 36
314056 36
314061 36
314062 36
314066 36
314110 34
314111 34
314112 10
314113 34
314114 34
314115 6
314116 12
314131 22
314132 24
314134 34
314135 14
314136 24
314140 34
314141 22
314143 34
314146 24
314151 36
314152 36
314153 36
314154 36
314156 36
314161 36
314162 36
314163 36
314235 26
314411 34
314414 34
314434 34
314461 36
314463 36
314501 -3
314502 0
314503 -5
314504 -3
314505 -3
314540 8
314541 10
314543 4
314545 12
314546 4
314603 0
314640 26
320220 2
320221 8
320222 -5
320223 -5
320224 4
320225 4
320226 6
320231 10
320232 -3
320234 8
320235 8
320261 4
320262 -1
320263 -7
320264 -5
320266 4
320302 -5
320303 -9
320312 -5
320314 2
320320 2
320321 4
320322 -3
320323 -7
320324 2
320325 4
320326 -1
320330 6
320332 -5
320334 6
320335 8
320336 6
320341 0
320342 -9
320343 -7
320344 -7
320345 -5
320346 -5
320354 4
320364 -7
320602 4
320604 4
320605 4
320606 4
320620 8
320621 10
320622 0
320624 8
320625 6
320626 8
320631 10
320632 8
320634 12
320635 14
320636 14
320641 4
320642 -5
320644 -3
320646 4
320650 2
320651 4
320652 -3
320654 4
320656 0
320662 -3
322000 20
322001 24
322002 0
322003 6
322004 8
322005 4
322006 8
322010 8
322011 8
322012 0
322013 8
322014 26
322015 8
322016 10
322020 10
322022 8
322025 8
322110 26
322111 10
322112 0
322113 6
322114 22
322115 14
322116 14
322120 18
322121 12
322122 10
322125 14
322126 14
322130 26
322131 24
322133 8
322134 26
322135 24
322136 24
322140 26
322141 8
322142 10
322143 4
322144 6
322145 16
322146 8
322211 -3
322212 -3
322213 -3
322214 8
322215 -3
322216 0
322220 6
322221 6
322222 2
322223 2
322224 16
322225 8
322226 0
322230 10
322231 10
322232 10
322233 0
322234 20
322235 10
322236 10
322260 12
322261 10
322262 0
322263 -3
322264 0
322265 -3
322266 12
322320 10
322321 10
322322 8
322323 -1
322324 8
322325 8
322326 10
322420 16
322421 22
322422 8
322424 8
322425 8
322426 16
322440 12
322441 26
322442 16
322443 8
322522 8
322525 0
322550 10
322551 10
322552 2
322553 8
322554 18
322555 10
322556 8
322564 8
322565 0
322620 14
322622 8
322625 8
322626 10
322630 24
322633 -1
322634 26
322635 20
322636 20
323000 20
323001 24
323002 10
323004 18
323006 10
323012 10
323014 26
323015 8
323016 10
323020 22
323024 26
323025 22
323033 10
323061 24
323065 10
323130 36
323131 36
323132 36
323133 10
323134 36
323135 36
323136 36
323220 16
323221 16
323222 10
323223 0
323224 10
323225 12
323226 12
323230 36
323232 36
323233 10
323234 36
323235 36
323240 12
323241 12
323242 0
323243 0
323244 6
323245 12
323302 -3
323303 -7
323306 -1
323310 4
323311 -1
323312 0
323313 -7
323314 2
323316 2
323320 0
323323 -7
323324 0
323325 -3
323330 8
323332 0
323333 0
323334 8
323336 8
323340 0
323343 -7
323344 0
323350 8
323353 -7
323356 0
323360 6
323362 0
323363 -7
323364 0
323366 4
323401 10
323405 12
323424 10
323433 10
323524 26
323525 14
323533 10
323550 10
323551 12
323552 12
323556 12
323630 36
323632 36
323633 10
323634 36
323635 36
323636 36
323640 20
323641 20
323642 12
323643 0
323644 10
323645 26
323646 18
330300 -3
330303 -11
330312 -9
330313 36
330314 36
330321 -5
330322 36
330323 36
330324 36
330325 36
330326 36
330330 4
330331 -5
330332 -9
330333 4
330334 -1
330335 4
330336 4
330341 34
330343 -9
330344 34
330345 -9
330346 34
330352 -9
330353 -9
330354 -9
330355 34
330361 -7
330362 -7
330363 -9
331011 -3
331012 6
331013 -5
331014 6
331015 8
331030 12
331032 8
331034 6
331035 8
331050 34
331051 34
331052 -3
331053 34
331054 -5
331055 34
331056 -5
331060 34
331061 34
331062 -3
331063 34
331064 -3
331065 -3
331100 36
331101 36
331102 -7
331103 36
331104 36
331110 -3
331111 34
331112 -5
331113 34
331115 34
331116 34
331122 36
331123 36
331130 12
331131 34
331132 6
331133 34
331134 6
331135 34
331136 34
331140 36
331141 36
331142 -7
331146 36
331151 34
331152 -7
331155 34
331211 -3
331212 4
331213 -5
331214 6
331215 4
331216 6
331221 6
331223 -9
331224 8
331225 6
331226 0
331311 34
331313 -11
331314 -1
331316 34
331322 36
331323 36
331325 36
331330 -3
331331 34
331332 -5
331333 34
331334 -1
331335 34
331336 34
331340 36
331341 36
331342 -9
331343 36
331344 36
331345 36
331346 36
331351 34
331352 -9
331353 -9
331411 -5
331442 6
331443 -1
331511 34
331513 34
331514 6
331515 34
331516 34
331532 6
331534 8
331535 34
331614 6
332010 36
332012 36
332013 36
332015 36
332022 34
332030 34
332035 8
332121 2
332130 8
332131 6
332132 6
332133 -3
332134 8
332135 6
332151 36
332161 -7
332215 36
332223 34
332230 34
332232 34
332233 34
332234 4
332235 34
332250 36
332251 36
332252 36
332254 -5
332255 36
332256 36
332260 34
332261 -7
332262 34
332265 34
332320 34
332321 -5
332322 34
332323 -9
332324 -1
332325 34
332326 34
332330 34
332331 -3
332332 34
332333 34
332334 -3
332335 34
332336 34
332340 36
332341 36
332342 36
332343 36
332401 -3
332404 36
332405 36
332406 36
332413 36
332415 36
332420 8
332422 -7
332425 8
332430 6
332434 -5
332435 8
332441 4
332442 4
332443 -3
332444 -3
332446 8
332520 8
332535 34
332601 0
332602 36
332605 36
332606 36
332610 36
332611 36
332612 36
332613 36
332614 36
332615 36
332616 36
332620 34
332621 6
332622 34
332624 8
332625 34
332626 34
332630 34
332631 8
332632 34
332633 34
332634 8
332635 34
332636 34
332650 36
332656 36
333030 12
333031 8
333032 12
333033 12
333034 6
333035 8
333036 12
333050 34
333051 34
333052 8
333053 34
333054 6
333056 8
333060 8
333061 8
333062 8
333066 8
333131 8
333132 12
333133 10
333134 8
333135 8
333212 -5
333214 8
333220 12
333221 12
333222 6
333223 6
333224 8
333225 8
333226 10
333232 8
333233 14
333234 8
333252 8
333262 8
333300 2
333301 -3
333302 -3
333303 -3
333304 4
333305 -3
333306 4
333310 -3
333312 -3
333313 34
333314 4
333315 34
333320 34
333323 34
333324 -3
333325 34
333330 2
333331 2
333332 2
333333 2
