30303340 0
30303341 5
30303342 2456
30303343 25
30303344 25
30303345 124
30303346 2
30304000 25
30304001 5
30304002 2
30304003 25
30304004 25
30304005 2
30304006 2
30304240 0
30304241 256
30304242 3456
30304243 56
30304244 56
30304245 2345
30304246 34
30304256 34
30304265 34
30304512 2
30304521 2
30313341 5
30313342 24
30313343 5
30313344 5
30313345 4
30313346 4
30314220 456
30314221 34
30314222 1
30314223 1
30314224 013
30314225 14
30314226 1
30314241 56
30314242 34
30314243 256
30314244 256
30314245 2
30314246 1234
30314640 25
30314641 25
30314643 25
30314644 25
30314645 3456
30314646 25
30323300 023456
30323301 2
30323302 2
30323303 06
30323304 2
30323305 23456
30323306 02456
30323320 24
30323321 124
30323322 056
30323323 24
30323324 124
30323325 2
30323326 2
30323330 01356
30323331 01356
30323332 2
30323333 6
30323334 4
30323335 0235
30323336 2346
30323350 46
30323351 246
30323352 24
30323353 46
30323354 4
30323355 256
30323356 0256
30323360 45
30323361 245
30323362 24
30323363 45
30323364 4
30323365 0256
30323366 24
30333040 0
30333041 5
30333042 6
30333043 25
30333044 25
30333045 4
30333046 2
30333130 5
30333131 15
30333132 2
30333133 5
30333134 04
30333135 01356
30333136 45
30333141 5
30333142 6
30333143 5
30333144 5
30333145 4
30333146 4
30333150 4
30333151 4
30333152 6
30333153 4
30333154 5
30333155 4
30333156 234
30333230 2
30333232 125
30333233 2
30333234 2
30333235 2
30333236 2
30333250 6
30333252 235
30333253 6
30333254 2
30333255 3
30333256 2
30333342 6
30333343 25
30333344 25
30333345 14
30333346 2
30333430 04
30333433 01456
30333434 4
30333435 5
30333510 5
30333511 5
30333512 3
30333513 5
30333514 34
30333515 15
30333530 012356
30333533 5
30333535 05
30333550 156
30333551 56
30333552 6
30333553 156
30333554 56
30333555 4
30333556 35
30333630 24
30333633 24
30343300 0356
30343301 0134
30343303 024
30343304 4
30343305 5
30343306 012356
30343320 4
30343321 2
30343322 2
30343323 4
30343324 24
30343325 2
30343326 2
30343340 4
30343341 4
30343342 2
30343343 4
30343344 134
30343345 4
30353320 4
30353321 2
30353322 24
30353323 2
30353325 12
30362120 45
30362121 23
30362122 145
30362123 145
30362124 1
30362126 145
30362133 2
30363320 4
30363322 4
30363323 4
31101011 3
31101030 0
31101031 3
31101032 126
31101033 14
31101034 3
31101035 13
31101036 01234
31101040 0
31101041 5
31101042 045
31101043 5
31101044 5
31101045 4
31101046 045
31101141 5
31101142 2
31101143 5
31101144 5
31101145 5
31101146 2
31101211 3
31101220 01
31101221 3
31101222 3
31101223 12
31101224 3
31101225 123
31101226 123
31101231 23
31101232 123
31101233 124
31101234 2
31101235 01234
31101236 01234
31101311 34
31101330 01
31101331 4
31101332 134
31101333 0123456
31101334 1
31101335 135
31101336 123456
31101342 13
31101343 5
31101344 5
31101345 13
31101346 13
31101350 4
31101351 4
31101352 1356
31101353 4
31101354 3
31101355 4
31101356 123
31101411 34
31101431 23
31101433 1
31101434 13
31101435 13
31101436 123
31101511 3
31101531 3
31101533 1
31101535 0
31101536 013
31101611 3
31101631 23
31101633 124
31101636 01234
31104230 234
31104231 2
31104232 135
31104233 2
31104234 023
31104235 2
31104236 2
31104256 3
31104512 13
31104514 13
31104515 1
31104516 1
31104550 1
31104551 3
31104552 3
31104553 3
31104554 4
31104555 3
31104556 145
31104630 235
31104631 25
31104633 25
31104634 023
31104635 3
31104636 25
31104640 1245
31104641 3
31104642 34
31104643 45
31104644 35
31104645 14
31104646 2345
31105230 2346
31105231 246
31105232 134
31105233 246
31105234 2
31105235 246
31105236 23
31105410 15
31105411 5
31105412 12
31105414 4
31105415 13
31105416 15
31105450 1
31105451 3
31105452 35
31105453 35
31105454 45
31105455 13
31105456 1245
31106010 0
31106011 45
31106012 01
31106013 135
31106014 1
31106015 1
31106016 14
31106130 34
31106131 3
31106132 245
31106133 4
31106134 3
31106135 13456
31106136 4
31106145 3
31106230 2345
31106232 1
31106233 245
31106234 2
31106235 23
31106236 245
31106330 136
31106331 13
31106332 1236
31106333 15
31106334 13
31106335 15
31106336 36
31106411 4
31106412 12
31106413 13
31106414 14
31106415 13456
31106416 1246
31106440 04
31106441 4
31106442 3
31106443 3
31106444 3
31106445 3
31106446 46
31106511 5
31106512 123
31106513 15
31106515 13
31106516 13
31106530 135
31106533 3
31106534 345
31106535 13
31106536 135
31106550 3
31106551 3
31106552 3
31106553 1
31106554 3
31106555 3
31106556 3
31106630 1345
31106633 3
31106634 3
31106636 13456
31106645 15
31106660 01456
31106661 34
31106662 34
31106663 3
31106664 4
31106665 15
31106666 4
31113040 5
31113041 5
31113043 5
31113044 5
31113045 1
31113133 36
31113161 1
31113162 345
31113163 3
31113164 3
31113165 1356
31113166 13456
31113210 24
31113211 1245
31113212 2
31113213 3
31113214 4
31113215 1235
31113216 12356
31113251 346
31113252 34
31113253 2
31113254 2
31113255 4
31113256 1
31113341 5
31113342 02
31113343 5
31113344 5
31113345 4
31113346 4
31113410 034
31113411 1345
31113413 04
31113414 34
31113415 5
31113416 2346
31113433 134
31113440 23
31113441 23
31113443 013
31113444 13
31113445 34
31113446 23
31113510 4
31113511 123456
31113513 3
31113515 4
31113516 3456
31113620 245
31113621 345
31113622 23
31113623 2
31113624 34
31113625 236
31113626 4
31113633 24
31113641 2345
31113642 34
31113644 23
31113645 4
31113646 2
31120030 056
31120031 1
31120032 2
31120033 3
31120034 4
31120035 0135
31120036 136
31120131 2
31120132 23
31120133 24
31120134 2
31120135 12
31120136 12
31120220 1
31120221 2
31120222 3
31120223 23
31120224 1
31120225 1
31120226 1
31120310 01346
31120311 34
31120312 12
31120313 13
31120314 1234
31120315 135
31120316 136
31120420 4
31120421 3
31120422 3
31120423 2
31120424 01
31120425 3
31120426 3
31120432 23
31120433 2
31120434 0
31120435 2
31120436 2
31120440 2
31120441 3
31120442 2
31120443 4
31120444 2
31120445 123
31120446 2
31120532 2
31120533 13
31120535 023
31120536 02
31120632 2
31120633 13
31120636 023
31121121 2
31121122 2
31121123 2
31121124 023
31121125 2
31121126 2
31121211 2
31121220 13
31121221 0
31121222 13
31121223 12
31121224 2
31121225 23
31121226 123
31121311 03
31121331 34
31121332 3
31121333 135
31121334 1
31121335 13
31121336 13
31121360 12356
31121361 34
31121362 125
31121363 1
31121364 13
31121365 5
31121366 13
31121411 3
31121431 234
31121432 123
31121433 2
31121434 13
31121435 23
31121436 23
31121511 3
31121611 3
31125220 5
31125221 4
31125222 3
31125223 2
31125224 245
31125225 0
31125226 125
31125330 1
31125331 346
31125332 34
31125333 1
31125334 13
31125335 4
31125336 3
31125440 3
31125441 3
31125442 24
31125443 4
31125444 3
31125445 3
31125446 3
31125510 134
31125511 2
31125512 12
31125513 13
31125514 1234
31125515 4
31125516 13
31125520 346
31125521 234
31125522 4
31125523 3
31125524 2
31125525 0234
31125526 2
31125532 34
31125533 12
31125534 34
31125535 4
31125536 13
31125610 13
31125611 5
31125612 12
31125613 13
31125614 12
31125616 13
31125650 0125
31125651 5
31125652 25
31125653 35
31125654 35
31125655 3
31125656 56
31126132 235
31126133 2
31126134 34
31126135 123
31126136 2
31126220 2
31126221 23
31126222 013
31126223 2
31126224 2
31126225 12
31126226 014
31126420 3
31126421 3
31126422 3
31126423 2
31126424 2
31126425 2
31126426 4
31126441 3
31126442 4
31126443 4
31126444 3
31126445 3
31126446 2
31126532 1235
31126533 13
31126534 4
31126535 13
31126536 13
31126610 134
31126611 2
31126612 14
31126614 123
31126615 13
31126616 01346
31131131 34
31131133 34
31131134 3
31131135 3
31131136 3
31131141 5
31131142 3
31131143 5
31131144 5
31131145 3
31131146 235
31131311 3
31131411 3
31131433 134
31131434 13
31131435 13
31131436 1
31131511 35
31131533 15
31131535 13
31131536 13
31131550 136
31131551 35
31131552 135
31131553 13
31131554 1
31131555 0136
31131556 13
31131600 36
31131601 3
31131603 13
31131604 13
31131605 135
31131606 1236
31131633 36
31131636 13
31133020 135
31133021 135
31133022 3
31133023 1
31133024 13
31133025 135
31133026 1345
31133030 0123456
31133031 123456
31133032 13
31133033 4
31133034 012346
31133035 135
31133036 1234
31133040 5
31133041 5
31133042 14
31133043 5
31133044 5
31133045 1345
31133046 1234
31133050 4
31133051 4
31133053 4
31133054 1345
31133055 4
31133056 125
31133131 0345
31133132 01346
31133133 4
31133134 012346
31133135 0135
31133136 0234
31133141 5
31133142 3
31133143 5
31133144 5
31133145 3
31133146 34
31133151 4
31133153 4
31133154 3
31133155 4
31133156 234
31133232 2
31133233 01456
31133234 34
31133235 13
31133236 0134
31133313 15
31133353 4
31133354 5
31133355 4
31133356 5
31133433 4
31133434 1346
31133435 34
31133436 34
31133533 0
31133535 35
31133536 13
31133633 0
31133636 012345
31143033 14
31143233 14
31143242 3
31143330 3
31143331 0
31143332 02
31143333 0
31143334 03
31143335 0
31143433 4
31143550 35
31143551 15
31143552 24
31143553 3
31143554 34
31143555 4
31143556 34
31143600 1234
31143601 03
31143603 3
31143604 3
31143605 5
31143606 01236
31143633 01346
31143640 3
31143643 3
31143644 3
31143645 2356
31143646 23
31153033 01
31153311 3
31153312 013
31153313 1
31153314 14
31153315 013
31153316 013
31153330 1356
31153331 15
31153332 0135
31153333 0156
31153335 01
31153500 135
31153501 015
31153503 13
31153504 0135
31153505 5
31153506 0
31153511 035
31153512 0135
31153514 0135
31153515 5
31153516 12
31153533 1456
31153550 3
31153551 013456
31153552 123
31153553 15
31153554 012356
31153555 013
31153556 5
31153600 012356
31153601 013456
31153603 13
31153606 0
31153611 03
31153612 0123456
31153614 0134
31153616 13
31153633 0123456
31163020 23
31163022 13
31163023 245
31163024 2
31163025 23
31163026 245
31163033 01246
31163233 6
31163311 3
31163312 013
31163313 1
31163314 134
31163316 2
31163642 34
31163643 0
31163644 23
31163645 1
31163646 6
31523020 46
31523021 3
31523022 146
31523023 146
31523024 14
31523025 146
31523026 013
31523046 34
31523064 34
31523133 4
31523146 34
31523233 4
31523246 3
31523321 35
31523322 46
31523323 46
31523324 4
31523325 13
31523326 3
31523433 4
31523440 2
31523441 235
31523442 3
31523443 2
31523444 2
31523445 123
31523446 25
31523533 2
31523633 125
31545030 35
31545031 35
31545032 345
31545033 3
31545034 4
31545035 345
31545036 345
31545131 1
31545132 345
31545133 3
31545134 4
31545135 34
31545136 345
31545220 3
31545221 35
31545222 45
31545223 3
31545224 45
31545225 23
31545226 35
31545232 35
31545233 35
31545234 345
31545235 34
31545236 4
31545240 35
31545241 35
31545242 245
31545243 5
31545244 35
31545245 3
31545246 3
31545255 34
31545330 5
31545331 35
31545332 2345
31545333 15
31545334 45
31545335 3
31545336 5
31545355 3
31545455 4
31545533 3
31545534 4
31545535 3
31545536 345
31545640 35
31545641 35
31545643 345
31545644 35
31545645 3
31545646 5
31545655 4
31563024 234
31563033 24
31563133 4
31563433 0123456
31563524 2
32502064 4
32502264 4
32502330 346
32502331 6
32502332 6
32502333 26
32502334 34
32502335 6
32502336 3
32502364 3
32502440 3
32502441 3
32502442 3
32502443 3
32502444 3
32502445 4
32502446 3
32502520 26
32502521 13
32502522 16
32502523 2
32502524 124
32502525 2
32502526 12
32502564 46
32502630 3
32502632 03
32502633 3
32502634 34
32502635 3
32502636 3
32503064 34
32503246 3
32503350 46
32503351 46
32503352 3
32503353 46
32503354 35
32503355 46
32503356 3
32503564 3
32506421 3
32506424 4
32506426 4
32506440 35
32506441 35
32506442 45
32506443 3
32506444 23
32506445 24
32506446 2
32522020 25
32522021 245
32522022 56
32522023 23
32522024 235
32522025 1256
32522026 25
32522030 346
32522031 346
32522032 34
32522033 3
32522034 3
32522035 3
32522036 3
32522050 56
32522051 123456
32522052 345
32522053 2456
32522054 25
32522055 2
32522056 25
32522121 4
32522122 1456
32522123 23
32522124 5
32522125 1256
32522126 125
32522231 35
32522232 34
32522233 3
32522234 35
32522235 34
32522236 3
32522251 35
32522252 56
32522253 456
32522254 35
32522255 3
32522256 256
32522330 2
32522331 4
32522332 3
32522333 456
32522334 45
32522335 6
32522336 5
32522351 13456
32522353 56
32522354 5
32522355 3
32522356 5
32522440 245
32522441 1245
32522442 4
32522443 3
32522444 2
32522445 4
32522446 456
32522451 2
32522454 4
32522455 3
32522456 245
32522546 4
32522651 125
32522655 3
32522656 25
32525030 3456
32525031 3456
32525032 2
32525034 35
32525035 3
32525036 35
32525046 45
32525055 246
32525064 45
32525146 45
32525155 46
32525164 5
32525220 6
32525221 23456
32525222 6
32525223 35
32525224 4
32525225 6
32525226 25
32525330 56
32525331 145
32525332 2
32525333 5
32525334 35
32525335 36
32525336 35
32525355 3
32525432 2
32525433 3
32525434 45
32525435 3
32525436 3456
32525521 2
32525525 2
32525531 34
32525532 2
32525533 36
32525535 234
32525536 3
32525546 4
32525564 4
32525655 2
32526452 2
32526453 35
32526454 5
32526456 5
32533030 2346
32533031 346
32533032 03456
32533033 6
32533034 234
32533035 34
32533036 23
32533046 3
32533064 234
32533131 2346
32533132 1346
32533133 246
32533134 234
32533135 234
32533136 13
32533364 4
32533432 35
32533433 2
32533434 234
32533435 2
32533436 34
32533440 23
32533441 3
32533442 4
32533443 24
32533444 2
32533445 234
32533446 3
32533521 34
32533522 46
32533523 5
32533524 23
32533525 3
32533526 2
32533532 36
32533533 2
32533535 235
32533536 23
32533564 4
32533621 25
32533622 3
32533623 25
32533624 2
32533626 2
32533632 35
32533633 25
32533636 035
32533650 25
32533651 25
32533653 25
32533654 2345
32533655 3
32533656 035
32544240 45
32544241 4
32544242 2
32544243 345
32544244 1246
32544245 245
32544246 34
32544421 3
32544422 3
32544423 3
32544424 3
32544425 24
32544426 1245
32544521 3
32544522 45
32544523 3
32544525 45
32544526 4
32544540 4
32544541 45
32544543 34
32544544 5
32544545 4
32544546 4
32544630 5
32544632 35
32544633 5
32544634 5
32544635 3
32544636 35
32556441 45
32556442 45
32556443 3
32556444 2
32556445 5
32556446 24
32565030 35
32565031 0235
32565034 4
32565035 03
32565036 35
32565131 135
32565132 35
32565133 35
32565135 3
32565136 35
32565155 13
32565355 3
32565433 4
32565434 35
32565435 4
32565436 2345
32565455 3
32565533 6
32565535 3
32565536 3
32565655 05
33304230 2345
33304231 2345
33304232 3456
33304233 246
33304234 2
33304235 23
33304236 23
33304240 46
33304241 46
33304242 45
33304243 45
33304244 3
33304245 4
33304246 4
33304265 3
33304530 123
33304531 35
33304533 1
33304534 1235
33304535 01234
33304536 13
33313000 023456
33313001 013456
33313002 023
33313003 045
33313004 012346
33313005 02356
33313006 023456
33313020 35
33313021 2345
33313022 13
33313023 25
33313024 234
33313025 23
33313033 02456
33313040 5
33313041 5
33313043 5
33313044 5
33313046 35
33313050 4
33313051 4
33313053 4
33313054 35
33313055 4
33313056 234
33313060 0123456
33313061 013456
33313062 235
33313063 013456
33313064 012346
33313065 0356
33313066 0123456
33313133 456
33313141 1
33313142 2356
33313143 5
33313144 5
33313145 35
33313146 123456
33313151 1
33313153 4
33313154 35
33313155 4
33313156 23456
33313161 1
33313162 23456
33313163 3456
33313164 346
33313165 356
33313166 3456
33313220 346
33313221 13
33313222 23
33313223 2
33313224 24
33313225 2
33313226 2
33313233 2
33313313 45
33313421 234
33313422 234
33313423 4
33313424 13
33313425 34
33313433 1246
33313440 34
33313441 34
33313442 24
33313443 4
33313444 234
33313446 34
33313462 012346
33313463 136
33313464 134
33313465 123456
33313466 12346
33313533 15
33313633 12456
33313642 234
33313643 45
33313644 136
33313646 2345
33313653 24
33313654 1346
33313655 234
33313656 234
33313660 023456
33313661 123456
33313662 23
33313663 12456
33313664 0123456
33313666 123456
33322030 2
33322032 236
33322033 12
33322034 24
33322036 23
33322232 3
33322233 6
33322234 23
33322236 3456
33322320 2
33322321 2
33322322 1
33322323 2
33322324 124
33322325 1235
33322326 2
33322420 234
33322421 1234
33322422 3
33322424 23
33322425 3
33322426 34
33322433 24
33322434 23
33322436 24
33322440 234
33322441 23
33322442 24
33322443 1245
33322620 3
33322621 123
33322622 3
33322625 3
33322626 23
33323033 2
33323233 6
33323260 03456
33323261 1345
33323262 2
33323263 5
33323264 34
33323265 35
33323266 35
33323323 24
33323326 2
33323433 1245
33323600 235
33323601 13
33323602 3
33323603 0
33323604 34
33323606 0235
33323626 2
33323633 0245
33323642 34
33323643 2
33323644 23
33323646 234
33333020 4
33333021 15
33333022 4
33333023 4
33333024 4
33333025 5
33333026 4
33333040 25
33333041 5
33333042 2
33333043 25
33333044 25
33333045 5
33333110 15
33333111 1
33333112 1
33333113 145
33333114 1
33333115 5
33333116 1
33333220 2
33333221 2
33333222 2
33333223 25
33333224 124
33333225 2
33333226 2
33333250 6
33333251 6
33333252 6
33333253 2
33333254 45
33333255 6
33333256 25
33333321 5
33333322 14
33333324 4
33333325 1
